REGRESSION,Column 2,Column 3,Column 4,Column 5,Column 6,Column 7,Column 8
2.3,0,1,0,0,1,1953,1
2.3,0,0,0,0,1,1953,0
2.3,0,0,0,0,0,1953,0
2.3,0,0,0,0,1,1953,1
2.3,0,1,0,0,0,1953,0
2.3,0,0,0,0,1,1953,1
2.3,0,1,0,0,0,1953,0
2.3,0,1,0,0,1,1953,1
2.3,1,0,0,0,0,1953,0
2.3,1,0,0,0,0,1953,0
2.3,0,1,0,0,1,1953,0
2.3,0,1,0,0,0,1953,0
2.3,1,0,0,0,0,1953,0
2.3,0,1,0,0,0,1953,0
2.3,0,1,0,0,1,1953,0
2.3,0,1,0,0,0,1953,0
2.3,0,1,0,0,0,1953,0
2.3,0,0,0,0,0,1953,1
2.3,0,0,0,0,1,1953,1
2.3,0,1,0,0,0,1953,0
2.3,0,0,0,0,0,1953,0
2.3,0,0,0,0,1,1953,1
2.3,0,1,0,0,0,1953,0
2.3,0,0,0,0,1,1953,1
2.3,0,0,0,0,0,1953,0
2.3,0,1,0,0,1,1953,0
2.3,0,1,0,0,0,1954,0
2.3,0,1,0,0,0,1954,1
2.3,0,1,0,0,1,1954,0
2.3,0,0,0,0,1,1954,0
2.3,0,1,0,0,1,1954,0
2.3,0,1,0,0,1,1954,0
2.3,0,1,0,0,1,1954,0
2.3,0,0,0,0,0,1954,0
2.3,0,1,1,1,1,1954,0
2.3,0,1,0,0,1,1954,0
2.3,0,0,0,0,0,1954,0
2.3,0,0,0,0,1,1954,0
2.3,0,0,0,0,1,1954,0
2.3,0,0,0,0,0,1954,1
2.3,0,1,1,1,1,1954,0
2.3,0,1,0,0,0,1954,0
2.3,0,1,0,0,0,1954,0
2.3,0,1,0,0,1,1954,0
2.3,0,0,0,0,0,1954,0
2.3,0,1,0,0,0,1954,0
2.3,0,1,0,0,1,1954,0
2.3,0,0,0,0,0,1954,0
2.3,0,1,0,0,1,1954,0
2.3,0,0,0,0,0,1954,0
2.3,0,1,0,0,0,1954,1
2.3,0,0,0,0,0,1954,0
2.3,0,0,0,0,1,1954,1
2.3,0,1,0,0,1,1954,0
2.3,0,0,0,0,0,1954,0
2.3,0,0,0,0,1,1954,0
2.3,0,1,0,0,0,1954,0
2.3,0,0,0,0,0,1954,0
2.3,0,0,0,0,0,1954,0
2.3,0,1,0,0,0,1954,0
2.3,0,1,0,0,1,1954,0
2.3,0,0,0,0,0,1954,1
2.3,0,0,0,0,0,1954,0
2.3,0,1,0,0,1,1954,0
2.3,0,0,0,0,0,1954,0
2.3,0,0,0,0,0,1954,0
2.3,0,1,0,0,0,1954,0
2.3,0,0,0,0,0,1954,1
2.3,0,1,0,0,0,1954,1
2.3,0,1,0,0,0,1954,0
2.3,0,0,0,0,0,1954,1
2.3,0,1,0,0,1,1954,1
2.3,0,1,0,0,0,1954,0
2.3,0,0,0,0,0,1954,0
2.3,0,0,0,0,0,1954,0
2.3,0,1,0,0,1,1954,0
2.3,0,1,0,0,1,1954,0
2.3,0,0,0,0,0,1954,1
2.3,0,0,0,0,0,1954,0
2.3,0,0,0,0,0,1954,0
2.3,0,1,1,1,1,1954,0
2.3,0,0,0,0,0,1954,0
2.3,0,1,1,1,1,1954,0
2.3,6,0,0,0,0,1954,0
2.3,0,1,0,0,1,1954,1
2.3,0,0,0,0,1,1954,1
2.3,0,1,0,0,1,1954,0
2.3,0,0,0,0,0,1954,1
2.3,0,1,0,0,1,1954,0
2.3,0,1,0,0,1,1954,0
2.3,0,0,0,0,0,1954,0
2.3,0,1,0,0,1,1954,0
2.3,0,1,0,0,1,1954,0
2.3,0,1,0,0,0,1954,1
2.3,0,0,0,0,1,1954,0
2.3,0,1,0,0,1,1955,0
2.3,0,1,0,0,1,1955,0
2.3,0,1,0,0,0,1955,0
2.3,0,1,0,0,1,1955,0
2.3,0,0,0,0,0,1955,0
2.3,0,0,0,0,0,1955,1
2.3,1,1,0,0,0,1955,0
2.3,0,1,0,0,0,1955,1
2.3,0,1,0,0,0,1955,0
2.3,0,1,0,0,0,1955,0
2.3,0,1,0,0,0,1955,1
2.3,0,0,0,0,1,1955,0
2.3,0,1,0,0,1,1955,0
2.3,0,0,0,0,0,1955,0
2.3,0,0,0,0,0,1955,1
2.3,0,0,0,0,0,1955,0
2.3,0,1,0,0,1,1955,0
2.3,0,1,0,0,0,1955,0
2.3,0,1,0,0,0,1955,0
2.3,0,1,0,0,0,1955,1
2.3,0,1,0,0,0,1955,0
2.3,0,1,0,0,0,1955,1
2.3,2,0,0,0,0,1955,0
2.3,0,0,0,0,0,1955,0
2.3,0,1,0,0,0,1955,0
2.3,0,1,0,0,1,1955,0
2.3,0,0,0,0,1,1955,0
2.3,0,0,0,0,0,1955,0
2.3,0,1,0,0,0,1955,0
2.3,0,1,0,0,1,1955,0
2.3,0,0,0,0,0,1955,0
2.3,0,1,0,0,1,1955,0
2.3,0,1,0,0,1,1955,0
2.3,0,1,0,0,0,1955,0
2.3,0,0,0,0,0,1955,0
2.3,0,1,0,0,1,1955,0
2.3,0,0,0,0,1,1955,0
2.3,0,1,0,0,1,1955,0
2.3,0,1,0,0,0,1955,0
2.3,0,1,0,0,0,1955,0
2.3,0,1,0,0,0,1955,1
2.3,0,1,0,0,1,1955,0
2.3,0,1,0,0,1,1955,0
2.3,0,0,0,0,0,1955,1
2.3,0,1,0,0,0,1955,0
2.3,0,1,0,0,1,1955,0
2.3,0,0,0,0,1,1955,0
2.3,0,1,0,0,1,1955,0
2.3,0,1,0,0,1,1955,0
2.3,0,0,0,0,0,1955,0
2.3,0,1,0,0,0,1955,0
2.3,0,1,0,0,1,1955,0
2.3,0,1,0,0,0,1955,0
2.3,0,1,0,0,1,1955,0
2.3,0,0,0,0,1,1955,0
2.3,0,1,0,0,0,1955,0
2.3,0,1,0,0,0,1955,0
2.3,0,1,0,0,0,1955,0
2.3,0,1,0,0,0,1955,0
2.3,0,1,0,0,1,1955,0
2.3,0,1,0,0,1,1955,0
2.3,0,0,0,0,1,1955,0
2.3,0,1,0,0,0,1955,0
2.3,0,1,0,0,0,1956,0
2.3,0,1,0,0,1,1956,0
2.3,0,1,0,0,1,1956,0
2.3,0,1,0,0,0,1956,0
2.3,0,1,0,0,1,1956,0
2.3,0,1,0,0,1,1956,0
2.3,0,1,0,0,0,1956,0
2.3,0,1,0,0,0,1956,0
2.3,0,0,0,0,1,1956,0
2.3,0,1,0,0,1,1956,0
2.3,0,1,0,0,0,1956,1
2.3,0,1,0,0,0,1956,0
2.3,0,1,0,0,0,1956,1
2.3,0,1,1,0,0,1956,1
2.3,0,1,0,0,1,1956,0
2.3,0,1,0,0,0,1956,0
2.3,0,1,0,0,0,1956,1
2.3,0,0,0,0,0,1956,0
2.3,0,1,0,0,0,1956,0
2.3,0,0,0,0,1,1956,0
2.3,0,1,0,0,1,1956,0
2.3,0,0,0,0,0,1956,1
2.3,0,1,0,0,0,1956,1
2.3,0,0,0,0,0,1956,0
2.3,0,1,0,0,1,1956,1
2.3,0,1,0,0,0,1956,0
2.3,0,0,0,0,0,1956,0
2.3,0,0,0,0,1,1956,0
2.3,0,1,0,0,1,1956,0
2.3,0,1,0,0,0,1956,0
2.3,0,0,0,0,0,1956,0
2.3,0,0,0,0,0,1956,0
2.3,0,1,0,0,0,1956,0
2.3,0,1,0,0,1,1956,1
2.3,0,0,0,0,0,1956,0
2.3,0,1,0,0,0,1956,0
2.3,0,0,0,0,0,1956,0
2.3,0,0,0,0,0,1956,0
2.3,0,0,0,0,1,1956,0
2.3,0,0,0,0,0,1956,0
2.3,0,1,0,0,0,1956,0
2.3,0,0,0,0,0,1956,1
2.3,0,1,0,0,0,1956,0
2.3,0,0,0,0,0,1956,0
2.3,0,1,1,0,0,1956,1
2.3,0,1,0,0,1,1956,0
2.3,0,1,0,0,1,1956,0
2.3,0,1,0,0,0,1956,0
2.3,0,0,0,0,1,1956,0
2.3,0,0,0,0,0,1956,0
2.3,0,1,0,0,1,1956,0
2.3,0,0,0,0,0,1956,0
2.3,0,1,0,0,0,1956,0
2.3,0,1,0,0,1,1956,0
2.3,0,1,0,0,0,1956,1
2.3,0,1,0,0,1,1956,0
2.3,0,1,0,0,0,1956,0
2.3,0,1,0,0,1,1956,0
2.3,0,0,0,0,1,1956,1
2.3,0,0,0,0,0,1956,0
2.3,0,0,0,0,0,1956,1
2.3,0,0,0,0,0,1956,0
2.3,0,0,0,0,1,1956,1
2.3,0,1,0,0,1,1956,1
2.3,0,1,0,0,1,1956,0
2.3,0,0,0,0,1,1956,0
2.3,0,0,0,0,0,1956,1
2.3,0,0,0,0,0,1956,1
2.3,0,0,0,0,0,1956,1
2.3,0,1,0,0,1,1956,0
2.3,0,0,0,0,0,1956,0
2.3,0,1,0,0,1,1956,0
2.3,0,1,0,0,0,1956,0
2.3,0,1,0,0,1,1956,0
2.3,0,1,0,0,0,1956,1
2.3,0,1,0,0,1,1956,1
2.3,0,1,0,0,1,1956,0
2.3,0,1,0,0,1,1956,0
2.3,0,1,0,0,0,1956,0
2.3,0,1,0,0,1,1956,0
2.3,0,1,1,0,0,1956,0
2.3,0,0,0,0,0,1956,0
2.3,0,0,0,0,0,1957,0
2.3,0,0,0,0,1,1957,0
2.3,0,0,0,0,0,1957,0
2.3,0,1,0,0,1,1957,0
2.3,0,1,0,0,1,1957,0
2.3,0,0,0,0,0,1957,0
2.3,0,1,0,0,1,1957,0
2.3,0,0,0,0,0,1957,0
2.3,0,1,0,0,0,1957,0
2.3,0,1,0,0,1,1957,0
2.3,0,1,0,0,1,1957,0
2.3,0,1,0,0,0,1957,0
2.3,0,1,1,0,0,1957,0
2.3,0,1,0,0,1,1957,0
2.3,0,0,0,0,0,1957,0
2.3,0,0,0,0,0,1957,0
2.3,0,1,0,0,0,1957,1
2.3,0,0,0,0,0,1957,1
2.3,0,0,0,0,0,1957,0
2.3,0,1,0,0,0,1957,0
2.3,0,1,0,0,1,1957,1
2.3,0,1,0,0,0,1957,0
2.3,0,1,0,0,0,1957,0
2.3,0,0,0,0,1,1957,0
2.3,0,1,1,1,0,1957,0
2.3,0,1,0,0,0,1957,0
2.3,0,1,0,0,1,1957,0
2.3,0,1,0,0,0,1957,0
2.3,0,1,0,0,1,1957,1
2.3,0,1,0,0,0,1957,0
2.3,0,0,0,0,0,1957,0
2.3,0,1,0,0,0,1957,0
2.3,0,0,0,0,0,1957,0
2.3,0,1,0,1,0,1957,0
2.3,0,1,0,0,0,1957,0
2.3,0,1,0,0,0,1957,0
2.3,0,0,0,0,0,1957,0
2.3,0,1,0,0,0,1957,0
2.3,0,1,0,0,0,1957,0
2.3,0,0,0,0,0,1957,0
2.3,0,0,0,0,1,1957,0
2.3,0,1,0,0,1,1957,0
2.3,0,0,0,0,0,1957,0
2.3,0,1,0,0,0,1957,0
2.3,0,1,0,0,0,1957,0
2.3,0,0,0,0,0,1957,0
2.3,0,0,0,0,0,1957,0
2.3,0,1,0,0,0,1957,0
2.3,0,1,1,1,0,1957,0
2.3,0,1,0,0,0,1957,0
2.3,0,1,0,0,0,1957,0
2.3,0,1,0,0,1,1957,0
2.3,0,0,0,0,0,1957,0
2.3,0,1,0,0,0,1957,0
2.3,0,1,0,0,1,1957,1
2.3,0,1,0,0,0,1957,0
2.3,0,1,0,0,1,1957,0
2.3,0,1,1,0,1,1957,0
2.3,0,1,0,0,0,1957,0
2.3,0,1,0,0,0,1957,1
2.3,0,1,0,0,0,1957,1
2.3,0,1,0,0,0,1957,0
2.3,0,1,0,0,1,1957,1
2.3,0,1,0,0,1,1957,1
2.3,0,1,0,0,0,1957,0
2.3,0,0,0,0,0,1957,0
2.3,0,1,0,0,0,1957,1
2.3,0,1,0,0,0,1957,0
2.3,0,1,0,0,1,1957,0
2.3,0,1,0,0,1,1957,0
2.3,0,1,0,0,1,1957,0
2.3,0,1,0,0,0,1957,0
2.3,0,1,0,0,1,1957,0
2.3,0,1,0,0,1,1957,0
2.3,0,1,0,0,1,1957,0
2.3,0,1,0,0,0,1957,0
2.3,0,1,0,0,1,1957,0
2.3,0,0,0,0,0,1957,0
2.3,0,1,0,0,0,1957,0
2.3,0,1,0,0,1,1957,1
2.3,0,0,0,0,0,1957,0
2.3,0,1,0,0,1,1957,0
2.3,0,0,0,0,1,1957,0
2.3,0,1,0,0,0,1957,1
2.3,0,0,0,0,0,1957,1
2.3,0,1,0,0,0,1957,0
2.3,0,0,0,0,0,1957,0
2.3,0,0,0,0,0,1957,0
2.3,0,0,0,0,0,1957,0
2.3,0,1,0,0,0,1957,0
2.3,0,1,0,0,1,1957,0
2.3,0,1,0,0,0,1957,0
2.3,0,1,0,0,0,1957,0
2.3,0,1,0,0,0,1957,1
2.3,0,1,0,0,0,1957,0
2.3,0,0,0,0,1,1957,0
2.3,0,1,0,0,1,1957,0
2.3,0,0,0,0,0,1957,0
2.3,0,0,0,0,0,1957,0
2.3,0,1,0,0,0,1957,0
2.3,0,1,0,0,0,1957,0
2.3,0,0,0,0,1,1957,0
2.3,0,1,0,0,0,1957,0
2.3,0,0,0,0,0,1957,0
2.3,0,1,0,0,0,1957,0
2.3,0,1,0,0,0,1957,0
2.3,0,0,0,0,0,1957,0
2.3,0,1,0,0,0,1957,0
2.3,0,0,0,0,0,1957,0
2.3,0,1,0,0,1,1957,0
2.3,0,1,0,0,0,1957,0
2.3,0,1,0,0,0,1957,1
2.3,0,1,1,0,0,1958,0
2.3,0,0,0,0,0,1958,0
2.3,0,1,0,0,1,1958,1
2.3,0,0,0,0,1,1958,0
2.3,0,0,0,0,0,1958,0
2.3,0,1,0,0,1,1958,0
2.3,0,1,0,0,0,1958,0
2.3,0,1,1,0,0,1958,1
2.3,0,1,0,0,0,1958,0
2.3,0,0,0,0,0,1958,0
2.3,0,1,0,0,1,1958,1
2.3,0,0,0,0,0,1958,0
2.3,0,1,0,0,0,1958,1
2.3,0,1,0,0,0,1958,0
2.3,0,1,0,0,0,1958,0
2.3,0,0,0,0,0,1958,0
2.3,0,1,0,0,0,1958,0
2.3,0,1,0,0,0,1958,0
2.3,0,1,0,0,0,1958,0
2.3,0,1,0,0,0,1958,0
2.3,0,0,0,0,0,1958,1
2.3,0,1,0,0,0,1958,0
2.3,0,0,0,0,0,1958,0
2.3,0,1,0,0,1,1958,0
2.3,0,1,0,0,0,1958,0
2.3,0,1,0,0,1,1958,0
2.3,0,1,0,0,1,1958,1
2.3,0,1,0,0,1,1958,1
2.3,0,0,0,0,0,1958,0
2.3,0,1,0,0,0,1958,0
2.3,0,0,0,0,0,1958,0
2.3,0,0,0,0,1,1958,0
2.3,0,0,0,0,1,1958,0
2.3,0,0,0,0,0,1958,0
2.3,0,0,0,0,0,1958,0
2.3,0,1,0,0,1,1958,0
2.3,0,0,0,0,0,1958,0
2.3,0,0,0,0,1,1958,0
2.3,0,1,0,0,1,1958,0
2.3,0,1,0,0,1,1958,0
2.3,0,0,0,0,0,1958,0
2.3,0,0,0,0,0,1958,0
2.3,0,0,0,0,0,1958,0
2.3,0,0,0,0,0,1958,0
2.3,0,1,0,0,0,1958,0
2.3,0,1,0,0,0,1958,0
2.3,0,0,0,0,0,1958,0
2.3,0,1,0,0,0,1958,1
2.3,0,0,0,0,0,1958,0
2.3,0,1,0,0,0,1958,0
2.3,0,0,0,0,1,1958,0
2.3,0,1,0,0,0,1958,0
2.3,0,0,0,0,0,1958,0
2.3,0,1,0,0,0,1958,0
2.3,0,0,0,0,1,1958,0
2.3,0,1,0,0,0,1958,0
2.3,0,1,0,0,0,1958,1
2.3,0,1,0,0,0,1958,1
2.3,0,1,0,0,0,1958,0
2.3,0,1,0,0,0,1958,0
2.3,0,1,0,0,0,1958,0
2.3,0,1,0,0,0,1958,1
2.3,0,0,0,0,0,1958,0
2.3,0,0,0,0,0,1958,0
2.3,0,0,0,0,0,1958,0
2.3,0,0,0,0,0,1958,0
2.3,0,0,0,0,0,1958,1
2.3,0,1,0,0,1,1958,0
2.3,0,0,0,0,0,1958,0
2.3,0,0,0,0,0,1958,0
2.3,0,0,0,0,0,1958,1
2.3,0,1,0,0,1,1958,0
2.3,0,0,0,0,0,1958,0
2.3,0,1,0,0,0,1958,0
2.3,0,0,0,0,1,1958,1
2.3,0,1,1,0,0,1958,0
2.3,0,1,0,0,0,1958,0
2.3,0,1,0,0,0,1958,1
2.3,0,1,0,0,1,1958,0
2.3,0,0,0,0,0,1958,0
2.3,0,1,0,0,0,1958,0
2.3,0,0,0,0,1,1958,1
2.3,0,1,0,0,0,1958,0
2.3,0,0,0,0,0,1958,0
2.3,0,0,0,0,0,1958,0
2.3,0,1,1,0,0,1958,0
2.3,0,1,0,0,0,1958,1
2.3,0,0,0,0,0,1958,0
2.3,0,1,0,0,1,1958,0
2.3,0,1,0,0,0,1958,0
2.3,0,1,0,0,0,1958,0
2.3,0,1,1,0,0,1958,0
2.3,0,0,0,0,1,1958,0
2.3,0,0,0,0,0,1958,0
2.3,0,1,0,0,1,1958,0
2.3,0,0,0,0,1,1958,0
2.3,0,1,0,0,0,1958,0
2.3,0,1,0,0,1,1958,0
2.3,0,0,0,0,0,1958,0
2.3,0,1,0,0,1,1958,0
2.3,0,0,0,0,0,1959,0
2.3,0,1,1,0,1,1959,1
2.3,0,0,0,0,0,1959,0
2.3,0,0,0,0,0,1959,0
2.3,0,0,0,0,1,1959,0
2.3,0,0,0,0,0,1959,0
2.3,0,0,0,0,0,1959,0
2.3,0,1,0,0,1,1959,0
2.3,0,1,0,0,1,1959,1
2.3,0,0,0,0,0,1959,0
2.3,0,1,0,0,1,1959,1
2.3,0,0,0,0,0,1959,0
2.3,0,1,0,0,0,1959,0
2.3,0,0,0,0,0,1959,0
2.3,0,1,0,0,0,1959,0
2.3,0,1,0,0,0,1959,0
2.3,0,1,0,0,0,1959,1
2.3,0,1,0,0,1,1959,0
2.3,0,1,0,0,0,1959,0
2.3,0,0,0,0,0,1959,0
2.3,0,1,0,0,0,1959,0
2.3,0,1,0,0,1,1959,0
2.3,0,0,0,0,0,1959,0
2.3,0,1,0,0,1,1959,0
2.3,0,0,0,0,0,1959,0
2.3,0,0,0,0,0,1959,0
2.3,0,0,0,0,0,1959,0
2.3,0,1,0,0,0,1959,0
2.3,0,0,0,0,0,1959,1
2.3,0,0,0,0,0,1959,0
2.3,0,1,0,0,1,1959,0
2.3,0,0,0,0,0,1959,0
2.3,0,1,0,0,1,1959,0
2.3,0,1,0,0,1,1959,0
2.3,0,1,0,0,1,1959,1
2.3,0,0,0,0,0,1959,1
2.3,0,0,0,0,0,1959,0
2.3,0,0,0,0,0,1959,1
2.3,0,1,0,0,0,1959,0
2.3,0,0,0,0,0,1959,0
2.3,0,1,0,0,0,1959,0
2.3,0,1,0,0,1,1959,1
2.3,0,1,0,0,0,1959,1
2.3,0,1,0,0,0,1959,1
2.3,0,0,0,0,1,1959,0
2.3,0,1,0,0,0,1959,0
2.3,0,1,0,0,0,1959,1
2.3,0,1,1,0,1,1959,0
2.3,0,0,0,0,0,1959,0
2.3,0,1,0,0,1,1959,1
2.3,0,1,0,0,1,1959,0
2.3,0,1,0,0,1,1959,0
2.3,0,1,0,0,1,1959,0
2.3,0,1,0,0,1,1959,0
2.3,0,0,0,0,0,1959,0
2.3,0,0,0,0,0,1959,0
2.3,0,1,0,0,0,1959,0
2.3,0,1,0,0,0,1959,1
2.3,0,0,0,0,0,1959,0
2.3,0,0,0,0,0,1959,0
2.3,0,1,0,0,0,1959,1
2.3,0,1,0,0,1,1959,1
2.3,0,0,0,0,0,1959,0
2.3,0,1,0,0,1,1959,0
2.3,0,1,0,0,1,1959,0
2.3,0,1,0,0,0,1959,0
2.3,0,1,0,0,0,1959,1
2.3,0,1,0,0,1,1959,0
2.3,0,1,0,0,1,1959,0
2.3,0,0,0,0,0,1959,0
2.3,0,0,0,0,0,1959,0
2.3,0,0,0,0,0,1959,0
2.3,0,0,0,0,0,1959,0
2.3,0,1,0,0,1,1959,1
2.3,0,1,0,0,0,1959,0
2.3,0,0,0,0,0,1959,0
2.3,0,0,0,0,0,1959,0
2.3,0,1,0,0,0,1959,0
2.3,0,1,0,0,1,1959,0
2.3,0,1,0,0,1,1959,1
2.3,0,1,0,0,0,1959,0
2.3,0,1,0,0,0,1959,0
2.3,0,1,0,0,1,1959,0
2.3,0,1,0,0,1,1959,0
2.3,0,0,0,0,1,1959,0
2.3,0,0,0,0,1,1959,0
2.3,0,0,0,0,1,1959,0
2.3,0,0,0,0,0,1959,0
2.3,0,1,0,0,1,1959,0
2.3,0,1,0,0,0,1959,0
2.3,0,0,0,0,0,1959,0
2.3,0,0,0,0,0,1959,0
2.3,0,1,0,0,1,1959,0
2.3,0,0,0,0,0,1959,0
2.3,0,0,0,0,0,1959,0
2.3,0,1,0,0,0,1960,0
2.3,0,1,0,0,1,1960,0
2.3,0,0,0,0,0,1960,0
2.3,0,0,0,0,0,1960,0
2.3,0,0,0,0,0,1960,0
2.3,0,0,0,0,0,1960,0
2.3,0,1,0,0,0,1960,0
2.3,0,1,0,0,0,1960,0
2.3,0,1,0,0,1,1960,0
2.3,0,0,0,0,1,1960,0
2.3,0,1,0,0,0,1960,0
2.3,0,1,1,0,0,1960,0
2.3,0,1,0,0,0,1960,0
2.3,0,1,0,0,1,1960,0
2.3,0,1,0,0,0,1960,0
2.3,0,0,0,0,0,1960,0
2.3,0,1,0,0,1,1960,1
2.3,0,0,0,0,0,1960,0
2.3,0,1,0,0,0,1960,1
2.3,0,1,0,0,0,1960,1
2.3,0,0,0,0,0,1960,0
2.3,0,0,0,0,0,1960,0
2.3,0,0,0,0,0,1960,0
2.3,0,1,0,1,0,1960,0
2.3,0,0,0,0,0,1960,0
2.3,0,1,0,0,0,1960,1
2.3,0,1,1,0,0,1960,0
2.3,0,1,0,0,0,1960,0
2.3,0,1,0,0,1,1960,0
2.3,0,1,0,0,0,1960,0
2.3,0,0,0,0,0,1960,0
2.3,0,0,0,0,0,1960,0
2.3,0,0,0,0,0,1960,0
2.3,0,1,0,0,1,1960,1
2.3,0,0,0,0,0,1960,1
2.3,0,1,0,0,0,1960,0
2.3,0,1,0,0,1,1960,0
2.3,0,1,0,0,0,1960,0
2.3,0,0,0,0,0,1960,0
2.3,0,1,0,0,1,1960,1
2.3,0,1,0,0,0,1960,1
2.3,0,0,0,0,0,1960,0
2.3,0,1,0,0,0,1960,0
2.3,0,0,0,0,0,1960,0
2.3,0,1,0,0,0,1960,0
2.3,0,0,0,0,0,1960,0
2.3,0,1,0,0,1,1960,0
2.3,0,1,0,0,0,1960,0
2.3,0,0,0,0,0,1960,1
2.3,0,0,0,0,0,1960,0
2.3,0,0,0,0,0,1960,0
2.3,0,1,0,0,0,1960,0
2.3,0,0,0,0,0,1960,1
2.3,0,1,0,0,0,1960,0
2.3,0,1,0,0,0,1960,0
2.3,0,0,0,0,0,1960,0
2.3,0,1,0,1,1,1960,0
2.3,0,0,0,0,0,1960,0
2.3,0,1,1,0,0,1960,0
2.3,0,1,0,0,0,1960,0
2.3,0,1,1,0,0,1960,0
2.3,0,1,0,0,1,1960,0
2.3,0,1,0,0,1,1960,1
2.3,0,1,1,0,1,1960,1
2.3,0,0,0,0,1,1960,0
2.3,0,0,0,0,0,1960,1
2.3,0,1,0,0,1,1960,0
2.3,0,1,0,0,0,1960,1
2.3,0,1,0,0,0,1960,0
2.3,0,0,0,0,0,1960,0
2.3,0,1,1,0,0,1960,0
2.3,0,1,0,0,0,1960,1
2.3,0,1,0,0,0,1960,0
2.3,0,1,1,0,0,1960,0
2.3,0,1,1,0,1,1960,1
2.3,0,0,0,0,0,1960,1
2.3,0,0,0,0,0,1960,0
2.3,0,1,0,0,0,1960,0
2.3,0,1,0,0,0,1960,0
2.3,0,1,0,0,1,1960,0
2.3,0,1,0,0,1,1960,1
2.3,0,1,0,0,0,1960,0
2.3,0,0,0,0,0,1960,0
2.3,0,1,0,0,0,1960,0
2.3,0,1,0,0,0,1960,0
2.3,0,0,0,0,0,1960,0
2.3,0,0,0,0,0,1960,0
2.3,0,1,0,0,1,1960,0
2.3,0,1,0,0,1,1960,0
2.3,0,0,0,0,0,1960,0
2.3,0,1,0,0,0,1960,1
2.3,0,1,0,0,0,1960,1
2.3,0,0,0,0,0,1960,0
2.3,0,1,1,0,0,1960,0
2.3,0,1,0,0,0,1961,0
2.3,0,1,0,0,1,1961,0
2.3,0,0,0,0,1,1961,0
2.3,0,1,0,1,0,1961,0
2.3,0,0,0,0,0,1961,0
2.3,0,1,0,0,1,1961,0
2.3,0,0,0,0,0,1961,0
2.3,0,1,0,0,0,1961,0
2.3,0,1,0,0,1,1961,0
2.3,0,1,0,0,0,1961,0
2.3,0,1,0,0,0,1961,0
2.3,0,1,0,0,0,1961,0
2.3,0,0,0,0,0,1961,0
2.3,0,0,0,0,0,1961,0
2.3,0,1,0,0,0,1961,0
2.3,0,0,0,0,0,1961,1
2.3,0,1,0,0,0,1961,0
2.3,0,1,0,0,1,1961,0
2.3,1,0,0,0,0,1961,0
2.3,0,0,0,0,0,1961,0
2.3,0,1,0,0,0,1961,0
2.3,0,0,0,0,0,1961,1
2.3,0,1,0,0,0,1961,0
2.3,0,0,0,0,0,1961,0
2.3,0,1,0,0,0,1961,1
2.3,0,0,0,0,0,1961,1
2.3,0,0,0,0,0,1961,0
2.3,0,0,0,0,1,1961,0
2.3,0,0,0,0,0,1961,1
2.3,0,1,0,0,1,1961,0
2.3,0,0,0,0,0,1961,0
2.3,0,0,0,0,0,1961,0
2.3,0,1,0,0,0,1961,0
2.3,0,1,0,0,0,1961,0
2.3,0,1,0,0,1,1961,0
2.3,0,0,0,0,1,1961,1
2.3,0,1,0,0,1,1961,0
2.3,0,1,0,0,0,1961,0
2.3,0,1,0,0,1,1961,0
2.3,0,1,0,0,1,1961,0
2.3,0,1,0,0,1,1961,0
2.3,0,1,0,0,1,1961,0
2.3,0,1,0,0,0,1961,1
2.3,0,0,0,0,0,1961,0
2.3,0,1,0,0,1,1961,0
2.3,0,1,0,0,0,1961,0
2.3,0,0,0,0,0,1961,0
2.3,0,1,0,0,0,1961,0
2.3,0,1,0,0,1,1961,0
2.3,0,0,0,0,0,1961,0
2.3,0,1,0,0,1,1961,0
2.3,0,0,0,0,0,1961,1
2.3,0,1,0,0,0,1961,0
2.3,0,1,0,0,0,1961,1
2.3,0,1,0,0,1,1961,0
2.3,0,0,0,0,0,1961,0
2.3,0,1,0,0,0,1961,1
2.3,0,0,0,0,0,1961,1
2.3,0,1,1,0,1,1961,0
2.3,0,1,0,0,0,1961,0
2.3,0,0,0,0,1,1961,0
2.3,0,0,0,0,0,1961,1
2.3,0,0,0,0,0,1961,0
2.3,0,1,0,0,1,1961,0
2.3,0,1,0,0,0,1961,0
2.3,0,0,0,0,0,1961,0
2.3,0,1,1,0,1,1961,0
2.3,0,1,0,0,0,1961,0
2.3,0,0,0,0,0,1961,0
2.3,0,0,0,0,0,1961,0
2.3,0,1,0,0,0,1961,0
2.3,0,1,0,0,0,1961,1
2.3,0,0,0,0,0,1961,0
2.3,0,1,1,0,1,1961,0
2.3,0,0,0,0,0,1961,1
2.3,0,0,0,0,0,1961,0
2.3,0,1,0,0,0,1961,0
2.3,0,0,0,0,0,1961,0
2.3,0,1,0,0,0,1961,1
2.3,0,0,0,0,0,1961,0
2.3,0,0,0,0,0,1961,0
2.3,0,0,0,0,0,1961,0
2.3,0,1,0,0,1,1961,1
2.3,0,0,0,0,0,1961,1
2.3,0,0,0,0,0,1961,0
2.3,0,1,0,0,0,1961,1
2.3,0,1,0,0,0,1961,0
2.3,0,0,0,0,0,1961,0
2.3,0,0,0,0,0,1961,0
2.3,0,1,0,0,1,1961,0
2.3,0,0,0,0,0,1961,1
2.3,0,0,0,0,0,1961,0
2.3,0,1,0,0,1,1961,0
2.3,0,0,0,0,0,1961,0
2.3,0,1,0,0,0,1961,0
2.3,0,1,0,0,0,1961,1
2.3,0,1,0,0,1,1961,0
2.3,0,1,0,0,0,1961,1
2.3,0,1,0,0,1,1961,0
2.3,0,0,0,0,0,1961,0
2.3,0,1,0,1,0,1961,0
2.3,0,1,0,0,1,1961,0
2.3,0,1,0,0,1,1961,0
2.3,0,1,1,0,0,1962,0
2.3,0,1,0,0,1,1962,1
2.3,0,1,0,0,0,1962,0
2.3,0,1,0,0,0,1962,1
2.3,0,1,0,0,1,1962,0
2.3,0,1,0,0,0,1962,0
2.3,0,1,0,0,0,1962,1
2.3,0,1,0,0,1,1962,0
2.3,0,0,0,0,1,1962,1
2.3,2,1,0,0,0,1962,0
2.3,0,1,0,0,1,1962,0
2.3,0,1,0,0,1,1962,0
2.3,0,1,0,0,0,1962,1
2.3,0,1,0,0,1,1962,0
2.3,0,1,0,0,1,1962,0
2.3,0,1,0,0,0,1962,0
2.3,0,1,0,0,0,1962,0
2.3,0,1,0,0,1,1962,1
2.3,0,0,0,0,0,1962,1
2.3,0,0,0,0,0,1962,0
2.3,0,1,0,0,1,1962,1
2.3,0,1,0,0,1,1962,0
2.3,0,1,0,0,0,1962,0
2.3,0,1,0,0,1,1962,0
2.3,0,1,0,0,0,1962,0
2.3,0,1,0,0,0,1962,0
2.3,0,1,0,0,0,1962,0
2.3,0,0,0,0,1,1962,0
2.3,0,1,1,0,1,1962,1
2.3,0,1,0,0,0,1962,0
2.3,0,1,0,0,0,1962,0
2.3,0,1,0,0,1,1962,0
2.3,0,1,0,0,1,1962,0
2.3,0,0,0,0,0,1962,1
2.3,0,1,0,0,0,1962,0
2.3,0,1,0,0,0,1962,0
2.3,0,0,0,0,1,1962,0
2.3,0,0,0,0,1,1962,0
2.3,0,1,0,0,1,1962,0
2.3,0,0,0,0,0,1962,0
2.3,0,1,0,0,0,1962,0
2.3,0,0,0,0,0,1962,1
2.3,0,1,0,0,0,1962,0
2.3,0,1,0,0,0,1962,0
2.3,0,0,0,0,0,1962,0
2.3,0,1,0,0,1,1962,0
2.3,0,1,0,0,1,1962,1
2.3,0,1,0,0,0,1962,0
2.3,0,1,0,0,0,1962,1
2.3,0,0,0,0,0,1962,0
2.3,0,1,0,0,0,1962,0
2.3,0,1,0,0,1,1962,1
2.3,0,0,0,0,0,1962,0
2.3,0,1,0,0,0,1962,0
2.3,0,0,0,0,0,1962,1
2.3,0,1,0,0,0,1962,0
2.3,0,1,0,0,1,1962,0
2.3,0,0,0,0,0,1962,0
2.3,2,1,0,0,0,1962,0
2.3,0,1,0,0,0,1962,0
2.3,0,1,0,0,0,1962,0
2.3,0,1,0,1,0,1962,0
2.3,0,1,0,0,0,1962,0
2.3,0,0,0,0,0,1962,1
2.3,0,1,0,0,0,1962,1
2.3,0,1,0,0,0,1962,0
2.3,0,1,0,0,0,1962,1
2.3,0,1,0,0,0,1962,1
2.3,0,1,0,0,0,1962,0
2.3,0,1,0,0,0,1962,0
2.3,0,0,0,0,0,1962,0
2.3,0,0,0,0,0,1962,1
2.3,0,1,0,0,0,1962,0
2.3,0,0,0,0,0,1962,0
2.3,0,1,0,0,0,1962,0
2.3,0,1,0,1,1,1962,0
2.3,0,1,0,0,0,1962,0
2.3,0,1,0,0,0,1962,1
2.3,0,0,0,1,0,1962,0
2.3,0,1,0,0,0,1962,0
2.3,0,1,0,0,0,1962,1
2.3,0,1,0,0,1,1962,0
2.3,0,1,0,0,1,1962,1
2.3,0,0,0,0,1,1962,0
2.3,2,1,0,0,0,1962,0
2.3,0,1,0,0,0,1962,0
2.3,0,1,0,0,0,1962,0
2.3,0,1,0,0,0,1962,1
2.3,0,1,0,0,0,1962,1
2.3,0,0,0,0,0,1962,0
2.3,0,1,0,0,1,1962,1
2.3,0,1,0,0,0,1962,0
2.3,0,1,0,0,0,1963,0
2.3,0,1,0,0,0,1963,1
2.3,0,1,1,0,0,1963,0
2.3,0,1,1,0,0,1963,0
2.3,0,0,0,0,0,1963,0
2.3,0,1,0,0,0,1963,0
2.3,0,1,0,0,0,1963,0
2.3,0,1,1,0,0,1963,0
2.3,0,1,0,0,0,1963,0
2.3,0,1,0,0,0,1963,0
2.3,0,1,0,0,0,1963,1
2.3,0,1,0,0,1,1963,0
2.3,0,0,0,0,1,1963,1
2.3,0,0,0,0,1,1963,0
2.3,0,1,0,0,0,1963,0
2.3,0,1,1,0,1,1963,0
2.3,0,1,0,0,0,1963,0
2.3,0,1,0,0,1,1963,0
2.3,0,1,0,0,0,1963,0
2.3,0,0,0,0,1,1963,0
2.3,0,1,0,0,1,1963,0
2.3,0,1,0,0,0,1963,0
2.3,0,0,0,0,0,1963,0
2.3,0,1,0,0,1,1963,0
2.3,0,0,0,0,0,1963,0
2.3,0,0,0,0,1,1963,0
2.3,0,1,0,0,0,1963,0
2.3,0,1,0,0,1,1963,0
2.3,0,0,0,0,1,1963,0
2.3,0,1,0,0,1,1963,0
2.3,0,1,0,0,1,1963,0
2.3,0,1,0,0,0,1963,0
2.3,1,1,0,0,0,1963,0
2.3,0,1,0,0,1,1963,0
2.3,2,1,0,0,0,1963,1
2.3,0,0,0,0,1,1963,0
2.3,0,1,0,0,0,1963,0
2.3,0,1,0,0,1,1963,1
2.3,0,1,1,1,1,1963,0
2.3,0,1,0,0,0,1963,0
2.3,0,1,1,1,0,1963,0
2.3,0,1,0,0,1,1963,0
2.3,0,1,0,0,1,1963,0
2.3,0,1,0,0,0,1963,0
2.3,0,1,0,0,0,1963,0
2.3,0,1,1,0,0,1963,0
2.3,0,1,0,0,1,1963,0
2.3,0,1,1,0,0,1963,1
2.3,0,1,0,0,0,1963,0
2.3,0,1,0,0,1,1963,1
2.3,0,1,1,0,0,1963,0
2.3,0,1,1,0,0,1963,0
2.3,0,1,0,0,0,1963,0
2.3,0,1,0,0,1,1963,0
2.3,0,1,0,0,0,1963,0
2.3,0,1,0,0,0,1963,1
2.3,0,1,0,0,0,1963,0
2.3,0,0,0,0,0,1963,0
2.3,0,0,0,0,0,1963,0
2.3,0,1,0,0,0,1963,0
2.3,0,1,0,0,0,1963,0
2.3,0,1,0,0,1,1963,0
2.3,0,0,0,0,0,1963,0
2.3,0,0,0,0,0,1963,1
2.3,0,1,0,0,0,1963,1
2.3,0,1,0,0,0,1963,0
2.3,0,1,0,0,0,1963,0
2.3,0,1,0,0,0,1963,0
2.3,0,1,0,1,1,1963,0
2.3,0,0,0,0,1,1963,0
2.3,0,1,0,0,0,1963,0
2.3,0,0,0,0,0,1963,1
2.3,0,1,0,0,0,1963,0
2.3,0,1,0,0,1,1963,0
2.3,0,1,0,0,1,1963,0
2.3,0,1,0,0,1,1963,0
2.3,0,0,0,0,0,1963,0
2.3,0,1,0,0,0,1963,1
2.3,0,1,0,0,1,1963,0
2.3,2,1,0,1,0,1963,1
2.3,0,1,0,0,1,1963,0
2.3,0,1,0,0,0,1963,0
2.3,0,0,0,0,0,1963,0
2.3,0,1,0,0,0,1963,0
2.3,0,1,0,0,1,1963,0
2.3,0,1,0,0,1,1963,1
2.3,0,1,0,0,0,1963,0
2.3,0,1,0,0,1,1963,1
2.3,0,1,0,0,0,1963,0
2.3,0,1,0,0,1,1963,0
2.3,0,1,0,0,0,1963,1
2.3,0,0,0,0,1,1963,0
2.3,0,1,0,0,0,1963,0
2.3,0,1,0,0,0,1963,0
2.3,0,1,1,0,1,1963,0
2.3,0,1,0,0,1,1963,0
2.3,0,1,0,0,0,1963,0
2.3,0,1,0,0,1,1963,0
2.3,0,1,0,0,1,1963,0
2.3,0,1,0,0,0,1963,0
2.3,0,1,0,0,0,1963,0
2.3,0,1,1,0,1,1964,0
2.3,0,1,1,0,0,1964,0
2.3,0,1,0,0,1,1964,0
2.3,0,1,0,0,1,1964,0
2.3,0,1,0,0,1,1964,0
2.3,0,1,1,0,0,1964,0
2.3,0,1,1,0,0,1964,0
2.3,0,1,0,0,1,1964,0
2.3,0,1,0,0,0,1964,0
2.3,0,1,0,0,0,1964,0
2.3,0,0,0,0,1,1964,0
2.3,0,1,0,0,1,1964,0
2.3,0,1,0,0,0,1964,0
2.3,0,1,0,0,1,1964,0
2.3,0,1,1,0,0,1964,1
2.3,0,0,0,0,1,1964,0
2.3,0,1,0,0,1,1964,0
2.3,0,1,0,0,0,1964,0
2.3,0,1,0,0,0,1964,1
2.3,0,1,1,0,1,1964,1
2.3,0,1,0,0,0,1964,0
2.3,0,1,0,0,1,1964,0
2.3,0,1,0,1,0,1964,0
2.3,0,1,0,0,0,1964,0
2.3,0,1,0,1,0,1964,0
2.3,0,1,0,0,0,1964,0
2.3,0,1,1,0,0,1964,0
2.3,0,1,0,0,1,1964,0
2.3,0,0,0,0,0,1964,0
2.3,0,1,0,0,0,1964,0
2.3,0,1,0,0,1,1964,0
2.3,0,1,0,0,0,1964,0
2.3,0,1,0,0,1,1964,0
2.3,0,1,1,0,0,1964,1
2.3,0,0,0,0,1,1964,1
2.3,0,1,1,1,0,1964,0
2.3,0,1,0,0,0,1964,0
2.3,0,1,0,0,1,1964,0
2.3,0,0,0,0,0,1964,1
2.3,0,1,0,0,1,1964,0
2.3,0,1,0,0,0,1964,1
2.3,0,1,0,0,0,1964,0
2.3,0,0,0,0,0,1964,0
2.3,0,1,0,0,0,1964,0
2.3,0,1,0,0,0,1964,0
2.3,0,1,1,0,1,1964,0
2.3,0,0,0,0,0,1964,0
2.3,0,0,0,0,0,1964,1
2.3,0,1,0,0,0,1964,0
2.3,0,0,0,0,0,1964,1
2.3,0,1,1,0,0,1964,1
2.3,0,0,0,0,0,1964,0
2.3,0,1,1,0,0,1964,0
2.3,0,1,0,0,0,1964,0
2.3,0,1,0,0,1,1964,0
2.3,0,1,0,0,0,1964,0
2.3,0,1,0,0,0,1964,1
2.3,0,0,0,0,0,1964,0
2.3,0,1,0,0,0,1964,1
2.3,0,0,0,0,1,1964,0
2.3,0,1,0,0,0,1964,0
2.3,0,1,1,0,1,1964,0
2.3,0,0,0,0,0,1964,1
2.3,0,0,0,0,0,1964,0
2.3,0,1,0,0,0,1964,1
2.3,0,1,0,0,0,1964,1
2.3,0,1,0,0,1,1964,0
2.3,0,1,1,0,0,1964,0
2.3,0,0,0,0,1,1964,0
2.3,0,1,0,0,0,1964,0
2.3,0,1,0,0,0,1964,0
2.3,0,1,0,0,1,1964,1
2.3,0,1,0,0,0,1964,1
2.3,0,1,0,0,1,1964,0
2.3,2,1,0,0,0,1964,0
2.3,0,1,0,0,0,1964,0
2.3,0,1,0,0,1,1964,0
2.3,0,1,0,0,1,1964,0
2.3,0,0,0,0,1,1964,0
2.3,0,0,0,0,0,1964,0
2.3,0,1,0,0,0,1964,1
2.3,0,0,0,0,0,1964,0
2.3,0,1,0,0,1,1964,1
2.3,0,1,0,0,0,1964,1
2.3,0,1,0,0,1,1964,0
2.3,0,1,0,0,0,1964,1
2.3,0,0,0,0,0,1964,0
2.3,0,0,0,0,0,1964,0
2.3,0,0,0,0,1,1964,0
2.3,0,1,0,0,0,1964,0
2.3,0,1,0,0,1,1964,0
2.3,0,1,1,0,1,1964,0
2.3,0,1,0,0,0,1964,0
2.3,0,1,0,0,0,1964,0
2.3,0,0,0,0,0,1964,0
2.3,0,1,0,0,0,1964,0
2.3,0,1,0,0,1,1964,0
2.3,0,1,0,0,0,1964,0
2.3,0,1,1,0,0,1964,0
2.3,0,0,0,0,1,1964,0
2.3,0,1,1,0,0,1964,0
2.3,0,1,0,1,0,1964,0
2.3,0,1,0,0,1,1964,1
2.3,0,1,0,1,1,1964,0
2.3,0,0,0,0,0,1964,0
2.3,0,1,0,0,0,1964,0
2.3,0,1,0,0,1,1964,0
2.3,0,1,0,0,0,1964,0
2.3,0,1,0,0,0,1964,0
2.3,0,1,0,0,1,1964,1
2.3,0,1,0,0,1,1964,0
2.3,0,0,0,0,0,1965,0
2.3,0,1,0,0,0,1965,1
2.3,0,0,0,0,0,1965,1
2.3,0,0,0,0,0,1965,0
2.3,0,1,0,0,0,1965,0
2.3,0,0,0,0,0,1965,1
2.3,0,0,0,0,0,1965,0
2.3,0,1,0,0,1,1965,0
2.3,0,1,0,0,0,1965,0
2.3,0,1,1,0,0,1965,0
2.3,0,0,0,0,1,1965,0
2.3,0,1,0,0,1,1965,0
2.3,0,1,1,0,1,1965,1
2.3,0,1,0,0,1,1965,0
2.3,0,1,0,0,1,1965,0
2.3,0,1,0,0,1,1965,0
2.3,0,1,1,0,1,1965,0
2.3,0,0,0,0,0,1965,1
2.3,0,1,0,0,1,1965,0
2.3,0,1,0,0,1,1965,0
2.3,0,1,0,1,1,1965,0
2.3,0,1,0,0,0,1965,0
2.3,0,0,0,0,0,1965,1
2.3,0,1,0,0,1,1965,0
2.3,0,0,0,0,0,1965,0
2.3,0,0,0,0,1,1965,1
2.3,0,1,0,0,1,1965,0
2.3,0,0,0,0,1,1965,0
2.3,0,1,0,0,1,1965,0
2.3,0,0,0,0,0,1965,0
2.3,0,0,0,0,0,1965,0
2.3,0,1,1,0,1,1965,0
2.3,0,0,0,0,0,1965,1
2.3,0,0,0,1,0,1965,0
2.3,0,1,0,0,0,1965,0
2.3,0,1,0,1,0,1965,0
2.3,0,1,0,0,0,1965,0
2.3,0,1,0,0,1,1965,0
2.3,0,1,0,0,1,1965,1
2.3,0,0,0,0,0,1965,0
2.3,0,0,0,0,0,1965,0
2.3,0,1,0,0,0,1965,0
2.3,0,0,0,0,0,1965,0
2.3,0,1,0,0,1,1965,0
2.3,0,1,0,0,1,1965,1
2.3,3,0,0,0,1,1965,0
2.3,0,0,0,0,0,1965,0
2.3,0,1,1,0,1,1965,0
2.3,0,1,0,0,1,1965,0
2.3,0,1,0,0,0,1965,0
2.3,0,1,1,0,1,1965,0
2.3,0,1,0,0,0,1965,0
2.3,0,1,0,0,0,1965,0
2.3,0,0,0,0,1,1965,0
2.3,0,0,0,0,0,1965,0
2.3,0,1,0,0,1,1965,0
2.3,0,0,0,0,0,1965,0
2.3,0,0,0,0,0,1965,0
2.3,0,1,0,0,1,1965,0
2.3,0,0,0,0,1,1965,0
2.3,0,0,0,0,0,1965,0
2.3,0,1,0,0,1,1965,0
2.3,0,0,0,0,1,1965,0
2.3,0,1,0,0,0,1965,0
2.3,0,0,0,0,0,1965,0
2.3,0,0,0,0,0,1965,0
2.3,0,1,0,0,0,1965,0
2.3,0,1,1,0,1,1965,0
2.3,0,1,0,0,0,1965,0
2.3,2,1,0,0,1,1965,0
2.3,0,0,0,0,1,1965,0
2.3,0,1,0,0,1,1965,0
2.3,0,0,0,0,0,1965,1
2.3,0,0,0,0,1,1965,0
2.3,0,0,0,0,0,1965,0
2.3,0,0,0,0,0,1965,0
2.3,0,1,0,0,1,1965,1
2.3,0,1,1,0,1,1965,0
2.3,0,1,1,0,0,1965,1
2.3,0,1,0,0,0,1965,0
1.39,3,0,0,0,0,1965,0
2.3,0,1,0,0,1,1965,1
2.3,0,1,0,0,1,1965,0
2.3,0,1,0,0,0,1966,0
2.3,0,1,0,0,1,1966,0
2.3,0,0,0,0,0,1966,1
2.3,0,0,0,0,1,1966,0
2.3,0,1,0,0,0,1966,0
2.3,0,0,0,0,0,1966,0
2.3,0,0,0,0,0,1966,0
2.3,0,0,0,0,0,1966,0
2.3,0,1,0,0,1,1966,0
2.3,0,1,0,0,1,1966,0
2.3,0,1,0,0,1,1966,0
2.3,0,1,0,0,1,1966,0
2.3,0,1,0,0,1,1966,0
2.3,0,1,0,0,1,1966,0
2.3,0,0,0,0,0,1966,0
2.3,0,0,0,0,1,1966,1
2.3,0,1,0,0,1,1966,0
2.3,0,1,0,0,0,1966,0
2.3,0,0,0,0,0,1966,0
2.3,0,1,0,0,0,1966,0
2.3,0,0,0,0,0,1966,1
2.3,0,1,0,1,0,1966,0
2.3,0,1,0,0,0,1966,1
2.3,0,1,0,0,1,1966,0
2.3,2,1,0,0,1,1966,0
2.3,0,1,0,0,1,1966,0
2.3,0,1,1,0,1,1966,1
2.3,0,1,0,0,0,1966,0
1.79,6,1,0,0,1,1966,0
2.3,0,1,0,0,0,1966,0
2.3,0,1,0,0,0,1966,0
2.3,0,1,0,0,0,1966,0
2.3,0,0,0,0,0,1966,0
1.39,3,1,0,0,0,1966,0
2.3,0,1,0,0,0,1966,0
2.3,0,1,0,1,0,1966,0
2.3,0,1,0,0,1,1966,0
2.3,0,0,0,0,1,1966,0
2.3,0,1,0,0,0,1966,0
2.3,0,0,0,0,0,1966,0
2.3,0,0,0,0,0,1966,0
2.3,0,1,0,0,0,1966,1
2.3,0,1,0,0,0,1966,0
2.3,0,1,0,0,1,1966,0
2.3,0,1,0,0,1,1966,0
2.3,0,1,1,1,0,1966,0
2.3,0,1,0,0,0,1966,0
2.3,0,0,0,0,0,1966,0
2.3,0,1,0,0,0,1966,1
2.3,0,0,0,0,0,1966,0
2.3,0,0,0,0,0,1966,0
2.3,0,0,0,0,0,1966,0
2.3,0,1,0,0,0,1966,0
2.3,0,1,0,0,1,1966,0
2.3,0,0,0,0,0,1966,0
2.3,0,1,0,0,1,1966,0
2.3,0,0,0,0,0,1966,1
2.3,0,0,0,0,0,1966,0
2.3,0,1,1,0,0,1966,1
2.3,0,1,0,0,1,1966,0
2.3,0,0,0,0,0,1966,0
2.3,0,1,0,0,1,1966,0
2.3,0,0,0,0,0,1966,0
2.3,0,0,0,0,0,1966,0
2.3,0,0,0,0,0,1966,0
2.3,0,1,0,0,0,1966,1
2.3,0,1,0,0,0,1966,1
2.3,0,0,0,0,0,1966,0
2.3,0,1,0,0,1,1966,0
2.3,0,1,0,0,0,1966,0
2.3,0,0,0,0,1,1966,0
2.3,0,1,0,0,0,1966,0
2.3,0,1,0,0,0,1966,0
2.3,0,1,0,0,0,1966,0
2.3,0,0,0,0,1,1966,0
2.3,0,0,0,0,0,1966,0
2.3,0,0,0,0,0,1966,0
2.3,0,1,0,0,0,1966,1
2.3,0,1,1,0,1,1966,0
2.3,0,1,0,0,0,1966,0
2.3,0,1,0,0,0,1966,0
2.3,0,1,0,0,1,1966,0
2.3,0,0,0,0,0,1966,0
2.3,0,0,0,0,0,1966,0
2.3,0,0,0,0,0,1966,1
2.3,0,1,0,0,1,1966,0
2.3,0,1,0,0,0,1966,0
2.3,0,0,0,0,0,1966,1
2.3,0,1,0,1,0,1966,0
2.3,0,0,0,0,0,1966,0
2.3,0,1,0,0,0,1966,1
2.3,0,1,0,0,0,1966,0
2.3,0,1,0,0,0,1966,0
2.3,0,1,0,0,0,1966,0
2.3,0,0,0,0,0,1966,0
2.3,0,1,0,0,0,1966,0
2.3,0,0,0,0,0,1966,0
2.3,0,0,0,0,1,1966,0
1.39,3,1,0,0,0,1966,0
2.3,0,0,0,0,0,1966,0
2.3,0,0,0,0,0,1966,0
2.3,0,0,0,0,1,1966,1
2.3,0,1,0,0,0,1966,0
2.3,0,0,0,0,0,1966,0
2.3,0,0,0,0,1,1966,0
2.3,0,1,0,1,0,1966,0
2.3,0,0,0,0,0,1966,0
2.3,0,1,0,0,1,1966,0
2.3,0,1,0,0,1,1966,0
2.3,0,1,1,1,0,1966,0
2.3,0,1,0,0,0,1966,0
2.3,0,1,0,0,1,1966,0
2.3,0,1,0,0,0,1966,0
2.3,0,1,0,0,1,1966,1
2.3,0,1,0,0,0,1966,0
2.3,0,1,0,0,1,1966,1
2.3,0,1,0,0,0,1966,0
2.3,2,1,0,0,0,1966,0
2.3,0,0,0,0,0,1967,0
2.3,0,1,1,0,1,1967,0
2.3,0,1,1,1,0,1967,0
2.3,0,0,0,0,0,1967,0
2.3,0,0,0,0,1,1967,0
2.3,0,1,0,0,1,1967,0
2.3,0,1,0,0,0,1967,0
2.3,0,0,0,0,1,1967,0
2.3,0,1,0,0,0,1967,1
2.3,0,1,0,0,0,1967,1
2.3,0,0,0,0,0,1967,0
2.3,0,0,0,0,1,1967,0
2.3,0,0,0,0,1,1967,1
2.3,0,1,0,0,0,1967,0
0.69,3,1,0,0,0,1967,0
2.3,0,1,1,0,0,1967,0
2.3,0,1,0,0,1,1967,0
2.3,0,1,0,0,0,1967,0
2.3,0,1,0,0,0,1967,0
2.3,0,0,0,0,1,1967,0
2.3,0,1,0,0,1,1967,0
2.3,0,0,0,0,0,1967,0
2.3,0,0,0,0,0,1967,0
2.3,0,0,0,0,0,1967,0
2.3,2,1,0,0,1,1967,0
2.3,0,1,0,0,1,1967,0
2.3,0,1,0,0,0,1967,0
2.3,0,0,0,0,0,1967,0
2.3,0,1,0,0,0,1967,1
2.3,0,1,0,0,0,1967,1
2.3,0,1,0,0,1,1967,0
2.3,0,1,0,0,1,1967,0
2.3,0,0,0,0,1,1967,0
2.3,0,0,0,0,0,1967,0
2.3,0,0,0,0,0,1967,0
2.3,0,1,1,1,0,1967,0
2.3,0,1,0,0,0,1967,0
2.3,0,1,0,0,1,1967,1
2.3,0,1,0,0,0,1967,0
2.3,0,1,0,0,0,1967,0
2.3,0,0,0,0,0,1967,0
2.3,0,1,0,0,1,1967,0
2.3,0,1,0,0,1,1967,0
2.3,0,1,0,0,0,1967,0
2.3,0,1,0,0,1,1967,0
2.3,0,1,1,1,0,1967,0
2.3,0,0,0,0,0,1967,0
2.3,0,1,0,0,1,1967,1
2.3,0,1,0,0,0,1967,0
2.3,0,1,0,0,1,1967,0
2.3,0,1,0,0,0,1967,1
2.3,0,0,0,0,0,1967,0
2.3,0,1,0,0,0,1967,0
2.3,0,1,0,0,1,1967,0
2.3,0,0,0,0,1,1967,0
2.3,0,1,0,0,1,1967,0
2.3,0,1,0,0,0,1967,0
2.3,0,1,0,0,0,1967,0
2.3,0,1,0,0,0,1967,0
2.3,0,0,0,0,0,1967,0
2.3,4,0,0,0,0,1967,1
2.3,0,1,0,0,1,1967,0
2.3,0,1,0,0,0,1967,0
2.3,0,1,0,0,0,1967,0
2.3,0,1,0,0,0,1967,1
2.3,0,1,0,0,0,1967,0
2.3,0,1,0,0,0,1967,0
2.3,0,1,0,0,0,1967,0
2.3,0,1,0,0,0,1967,0
2.3,0,0,0,0,0,1967,0
2.3,0,0,0,0,0,1967,0
2.3,0,1,0,0,1,1967,0
2.3,0,1,0,0,0,1967,0
2.3,0,1,0,0,0,1967,0
2.3,0,1,0,0,1,1967,0
2.3,0,1,1,0,1,1967,0
2.3,0,0,0,0,0,1967,0
2.3,0,1,0,0,1,1967,0
2.3,0,1,0,0,1,1967,1
2.3,0,1,1,0,0,1967,0
2.3,4,0,0,0,0,1967,0
2.3,0,0,0,0,0,1967,0
2.3,0,1,0,0,0,1967,0
2.3,0,1,0,0,1,1967,0
2.3,0,1,0,0,1,1967,0
2.3,0,1,1,0,0,1967,1
2.3,0,1,0,0,1,1967,0
2.3,0,0,0,0,0,1967,0
2.3,0,1,0,1,0,1967,0
2.3,0,1,1,0,0,1967,0
2.3,0,1,0,0,0,1967,1
2.3,0,1,0,0,1,1967,0
2.3,0,1,0,0,0,1967,0
2.3,0,1,0,0,1,1967,0
2.3,0,0,0,0,0,1967,0
2.3,0,0,0,0,0,1967,0
2.3,0,1,0,0,0,1967,1
2.3,0,0,0,1,0,1967,1
2.3,0,1,0,0,1,1967,0
2.3,0,1,0,0,1,1967,1
2.3,0,1,0,0,0,1967,0
2.3,0,1,0,0,1,1967,0
2.3,0,0,0,0,0,1967,0
2.3,0,1,0,0,0,1967,0
2.3,0,1,0,0,0,1967,0
2.3,0,0,0,0,1,1967,1
2.3,0,0,0,0,1,1967,0
2.3,0,1,0,0,0,1967,1
2.3,0,1,0,0,0,1967,0
2.3,0,1,0,0,1,1967,0
2.3,0,0,0,0,0,1967,1
2.3,0,1,0,0,0,1967,1
2.3,0,1,1,0,0,1967,0
2.3,0,1,0,1,0,1967,0
2.3,0,1,0,0,0,1967,0
2.3,0,0,0,0,0,1968,0
2.3,0,1,0,0,0,1968,0
2.3,0,0,0,0,0,1968,0
2.3,0,0,0,0,0,1968,0
2.3,0,1,0,0,1,1968,0
2.3,0,0,0,0,0,1968,0
2.3,0,0,0,0,0,1968,0
2.3,0,0,0,0,0,1968,0
2.3,0,1,0,0,0,1968,1
2.3,0,1,0,0,0,1968,0
2.3,0,1,1,0,0,1968,0
2.3,0,1,0,0,0,1968,0
2.3,0,0,0,0,0,1968,0
2.3,0,0,0,0,0,1968,0
2.3,0,1,0,0,0,1968,0
2.3,0,0,0,0,0,1968,0
2.3,0,0,0,0,0,1968,0
2.3,0,1,0,0,0,1968,0
2.3,0,0,0,0,0,1968,1
2.3,0,1,0,0,0,1968,0
2.3,0,0,0,0,0,1968,0
2.3,0,1,1,0,0,1968,0
2.3,0,1,0,0,0,1968,0
2.3,0,1,1,0,0,1968,0
2.3,0,1,1,0,0,1968,0
2.3,0,1,0,0,1,1968,0
2.3,0,0,0,0,0,1968,0
2.3,0,1,1,0,0,1968,0
2.3,0,0,0,0,1,1968,1
2.3,0,1,0,0,0,1968,1
2.3,0,1,0,1,1,1968,0
1.79,6,0,0,0,1,1968,0
2.3,0,1,0,0,0,1968,0
2.3,0,1,0,1,0,1968,0
2.3,0,1,0,1,1,1968,0
2.3,0,1,1,0,0,1968,0
2.3,0,1,0,0,1,1968,0
2.3,0,1,0,0,0,1968,1
2.3,0,1,0,1,0,1968,0
1.79,6,0,0,0,1,1968,0
2.3,0,1,0,0,0,1968,0
2.3,0,1,0,0,0,1968,1
2.3,0,0,0,0,1,1968,1
2.3,0,1,0,0,1,1968,0
2.3,0,1,0,0,0,1968,1
2.3,0,1,0,0,0,1968,0
2.3,0,0,0,0,0,1968,0
2.3,0,1,1,0,0,1968,0
2.3,0,1,0,0,0,1968,0
2.3,6,1,0,0,0,1968,0
2.3,0,1,0,0,0,1968,0
2.3,0,1,0,0,0,1968,0
2.3,0,1,0,0,1,1968,0
2.3,0,1,0,0,0,1968,1
2.3,0,1,0,0,1,1968,0
2.3,0,0,0,0,0,1968,0
2.3,0,1,1,0,0,1968,0
2.3,0,1,0,0,0,1968,0
2.3,0,1,0,0,1,1968,0
2.3,0,0,0,0,0,1968,0
2.3,0,0,0,0,0,1968,1
2.3,0,0,0,0,0,1968,1
2.3,0,1,0,0,0,1968,0
2.3,0,0,0,0,0,1968,0
2.3,0,1,0,0,1,1968,0
2.3,0,1,0,0,0,1968,1
2.3,0,1,0,1,0,1968,0
2.3,0,0,0,0,0,1968,1
2.3,0,0,0,0,0,1968,0
2.3,0,1,0,0,1,1968,0
2.3,0,0,0,0,0,1968,0
2.3,6,1,0,0,0,1968,0
2.3,0,1,0,0,0,1968,1
2.3,0,0,0,0,0,1968,0
2.3,0,1,0,0,0,1968,0
2.3,0,1,1,0,1,1968,1
2.3,0,1,0,0,0,1968,0
2.3,0,1,1,0,1,1968,0
2.3,0,1,0,0,1,1968,0
2.3,0,0,0,0,0,1968,0
2.3,0,1,0,1,0,1968,0
2.3,0,1,0,0,0,1968,0
2.3,0,0,0,0,0,1968,0
2.3,0,1,0,0,1,1968,1
2.3,3,1,0,0,1,1968,0
2.3,0,1,0,0,0,1968,0
2.3,0,0,0,0,0,1968,0
2.3,0,1,0,0,0,1968,0
2.3,0,0,0,0,0,1968,0
2.3,0,1,1,0,0,1968,0
2.3,0,1,0,0,0,1968,0
2.3,0,0,0,0,0,1968,0
2.3,0,1,0,0,0,1968,0
2.3,0,1,0,0,0,1968,0
2.3,0,1,0,0,1,1968,0
2.3,0,0,0,0,1,1968,0
2.3,0,1,0,0,1,1968,0
2.3,0,1,0,0,0,1968,0
2.3,0,0,0,0,0,1968,0
2.3,0,1,0,0,1,1968,0
2.3,0,0,0,0,0,1968,0
2.3,0,0,0,0,1,1968,1
2.3,0,0,0,0,0,1968,0
2.3,0,0,0,0,0,1968,0
2.3,0,1,0,0,1,1968,1
2.3,0,0,0,0,0,1968,0
2.3,0,1,0,0,1,1968,0
2.3,0,0,0,0,0,1968,0
2.3,0,0,0,0,1,1968,0
2.3,0,1,1,1,0,1968,0
2.3,0,0,0,0,1,1968,0
2.3,0,0,0,0,1,1968,0
2.3,0,1,0,0,0,1968,0
2.3,0,1,0,0,1,1968,0
2.3,0,1,0,0,0,1968,0
2.3,0,1,0,0,1,1968,0
2.3,0,1,0,0,1,1969,0
2.3,0,1,0,0,1,1969,0
2.3,0,1,0,0,1,1969,0
2.3,0,1,0,0,1,1969,1
2.3,0,1,0,0,0,1969,0
2.3,0,1,1,0,0,1969,1
2.3,0,0,0,0,0,1969,0
2.3,0,1,0,0,0,1969,0
2.3,0,1,0,0,1,1969,0
2.3,0,1,0,0,1,1969,0
2.3,0,1,0,0,0,1969,0
2.3,0,0,0,0,0,1969,0
2.3,0,0,0,0,1,1969,0
2.3,0,1,0,0,1,1969,0
2.3,0,0,0,0,0,1969,0
2.3,0,0,0,0,1,1969,0
2.3,0,1,1,1,1,1969,0
2.3,0,1,0,0,0,1969,1
2.3,0,0,0,0,0,1969,0
2.3,0,1,0,0,1,1969,1
2.3,0,1,0,0,1,1969,0
2.3,0,0,0,0,0,1969,0
2.3,0,0,0,0,1,1969,0
2.3,0,0,0,0,0,1969,0
2.3,0,0,0,0,0,1969,0
2.3,0,0,0,0,0,1969,0
2.3,0,1,0,0,1,1969,0
2.3,0,1,0,0,1,1969,0
2.3,0,1,0,0,0,1969,0
2.3,0,0,0,0,0,1969,1
2.3,0,1,0,0,0,1969,0
2.3,0,0,0,0,1,1969,0
2.3,0,1,0,0,0,1969,0
2.3,0,1,0,0,0,1969,1
2.3,0,1,0,0,1,1969,0
2.3,0,1,1,0,0,1969,1
2.3,0,1,1,0,0,1969,0
2.3,0,1,0,0,1,1969,0
2.3,0,1,0,0,0,1969,0
2.3,0,1,0,0,0,1969,0
2.3,0,1,0,0,0,1969,0
2.3,0,1,1,0,1,1969,0
2.3,0,1,0,0,1,1969,1
2.3,0,0,0,0,1,1969,0
2.3,0,0,0,0,1,1969,0
2.3,0,1,0,1,0,1969,0
2.3,3,0,0,0,0,1969,0
2.3,0,1,0,0,0,1969,0
2.3,0,1,0,0,0,1969,0
2.3,0,0,0,0,0,1969,0
2.3,0,1,0,0,0,1969,0
2.3,0,0,0,0,0,1969,0
2.3,0,1,0,0,1,1969,1
2.3,0,0,0,0,0,1969,0
2.3,0,0,0,0,0,1969,0
2.3,0,1,0,0,0,1969,1
2.3,0,1,0,1,0,1969,0
2.3,0,1,0,0,1,1969,0
2.3,0,1,0,0,0,1969,0
2.3,0,0,0,0,1,1969,0
2.3,0,1,0,0,1,1969,0
2.3,0,1,1,0,0,1969,1
2.3,0,1,1,1,0,1969,0
2.3,0,1,0,0,1,1969,0
2.3,0,0,0,0,1,1969,0
2.3,0,1,0,0,1,1969,0
2.3,0,1,1,0,0,1969,0
2.3,0,1,0,0,0,1969,1
2.3,0,1,0,0,0,1969,0
2.3,0,0,0,0,0,1969,0
2.3,0,1,1,0,0,1969,0
2.3,0,1,0,0,0,1969,0
2.3,0,1,1,0,0,1969,1
2.3,0,0,0,0,1,1969,0
2.3,0,1,1,0,1,1969,1
2.3,0,1,0,0,0,1969,0
2.3,2,1,0,0,0,1969,0
2.3,0,1,0,0,0,1969,0
2.3,0,1,0,0,1,1969,0
2.3,0,1,1,0,0,1969,1
2.3,0,1,0,0,0,1969,0
2.3,0,1,0,0,0,1969,0
2.3,0,1,0,0,0,1969,0
2.3,0,1,0,0,1,1969,0
2.3,0,1,1,0,0,1969,0
2.3,0,0,0,0,0,1969,0
2.3,0,1,0,0,1,1969,0
2.3,0,1,0,0,0,1969,0
2.3,0,0,0,0,1,1969,0
2.3,0,1,0,0,0,1969,0
2.3,0,1,0,0,0,1969,0
2.3,0,0,0,0,0,1969,0
2.3,0,1,1,0,0,1969,1
2.3,0,0,0,0,1,1969,0
2.3,0,1,0,0,0,1969,1
2.3,0,1,0,0,0,1969,0
2.3,0,0,0,0,1,1969,0
2.3,0,1,0,0,0,1969,1
2.3,0,1,0,0,1,1969,0
2.3,0,1,0,0,0,1969,0
2.3,0,0,0,0,0,1969,0
2.3,0,1,0,0,1,1969,0
2.3,0,1,0,0,1,1969,0
2.3,0,0,0,0,1,1969,0
2.3,0,0,0,0,0,1969,0
2.3,0,1,0,0,0,1969,0
2.3,0,1,0,0,0,1969,0
2.3,0,0,0,0,1,1969,0
2.3,0,0,0,0,0,1969,0
2.3,0,1,0,0,0,1969,1
2.3,0,0,0,0,1,1969,0
2.3,0,1,0,0,1,1969,0
2.3,0,0,0,0,0,1969,0
2.3,0,0,0,0,1,1970,0
2.3,0,1,0,0,0,1970,1
2.3,0,1,0,0,1,1970,1
2.3,0,0,0,0,1,1970,0
2.3,0,1,0,0,0,1970,1
2.3,0,1,0,0,0,1970,0
2.3,0,1,0,0,1,1970,0
2.3,0,1,0,0,0,1970,1
2.3,0,1,0,0,0,1970,0
2.3,0,1,0,0,0,1970,0
2.3,0,1,0,0,0,1970,0
2.3,0,1,0,0,1,1970,0
2.3,0,1,0,1,1,1970,0
2.3,0,0,0,0,0,1970,0
2.3,0,1,1,0,0,1970,0
2.3,0,1,0,0,0,1970,0
2.3,0,0,0,0,0,1970,0
2.3,0,1,1,0,0,1970,0
2.3,0,1,1,0,0,1970,0
2.3,0,0,0,0,1,1970,0
2.3,0,1,0,0,1,1970,0
2.3,0,0,0,0,1,1970,0
2.3,0,0,0,0,0,1970,0
2.3,0,1,0,0,0,1970,0
2.3,0,0,0,0,0,1970,0
2.3,0,0,0,0,0,1970,0
2.3,0,0,0,0,0,1970,0
2.3,0,1,1,0,1,1970,0
2.3,0,0,0,0,0,1970,0
2.3,0,1,1,0,0,1970,0
2.3,0,0,0,0,1,1970,0
2.3,0,0,0,0,0,1970,0
2.3,0,1,0,0,1,1970,0
2.3,0,1,0,0,1,1970,0
2.3,0,0,0,0,0,1970,0
2.3,0,1,0,0,1,1970,0
2.3,0,1,1,0,0,1970,0
2.3,0,1,1,0,0,1970,0
2.3,0,1,0,0,1,1970,0
2.3,0,0,0,0,0,1970,0
2.3,0,0,1,0,0,1970,0
2.3,0,1,0,0,0,1970,0
2.3,0,0,0,0,1,1970,1
2.3,0,0,0,0,0,1970,1
2.3,0,1,0,0,1,1970,0
2.3,0,1,0,0,1,1970,0
2.3,0,1,0,0,0,1970,1
2.3,0,1,0,0,1,1970,0
2.3,0,1,0,0,1,1970,1
2.3,0,1,0,0,0,1970,0
2.3,0,1,0,0,0,1970,0
2.3,0,0,0,0,1,1970,0
2.3,0,0,0,0,0,1970,0
2.3,0,0,0,0,1,1970,0
2.3,0,0,0,0,1,1970,0
2.3,0,1,0,0,0,1970,0
2.3,0,0,0,0,1,1970,0
2.3,0,0,0,0,0,1970,1
2.3,0,0,0,0,1,1970,0
2.3,0,0,0,0,0,1970,0
2.3,0,0,1,0,0,1970,0
2.3,0,1,0,0,0,1970,0
2.3,0,1,0,0,0,1970,0
2.3,0,0,0,0,0,1970,0
2.3,0,1,1,0,1,1970,0
2.3,0,0,0,0,0,1970,0
2.3,0,0,0,0,1,1970,0
2.3,0,0,0,0,1,1970,0
2.3,0,0,0,0,0,1970,0
2.3,0,1,0,0,0,1970,1
2.3,0,1,0,0,0,1970,0
2.3,0,1,0,0,0,1970,0
2.3,0,0,0,0,0,1970,0
2.3,0,1,0,0,0,1970,1
2.3,0,0,0,0,0,1970,0
2.3,0,1,0,0,0,1970,1
2.3,0,1,0,0,1,1970,0
2.3,0,1,0,0,0,1970,0
2.3,0,0,0,0,1,1970,0
2.3,0,0,0,0,0,1970,0
2.3,0,1,0,0,0,1970,1
2.3,0,1,0,0,0,1970,1
2.3,0,1,0,0,1,1970,0
2.3,0,1,0,0,0,1970,1
2.3,0,0,0,0,0,1970,0
2.3,0,0,0,1,0,1970,0
2.3,0,0,0,0,1,1970,0
2.3,0,0,0,0,0,1970,0
2.3,0,1,0,0,0,1970,0
2.3,0,0,0,0,0,1970,0
2.3,0,0,0,0,0,1970,0
2.3,0,1,0,0,0,1970,0
2.3,0,1,0,0,0,1971,0
2.3,0,1,0,0,1,1971,0
2.3,0,0,0,0,0,1971,0
2.3,0,1,0,0,0,1971,0
2.3,0,0,1,0,0,1971,0
2.3,0,0,0,0,0,1971,0
2.3,0,1,0,0,1,1971,0
2.3,0,1,0,0,0,1971,1
2.3,0,1,0,0,0,1971,0
2.3,0,1,0,0,1,1971,0
2.3,0,1,0,0,0,1971,0
2.3,0,0,0,0,1,1971,0
2.3,0,0,0,0,0,1971,0
2.3,0,1,0,0,1,1971,0
2.3,0,0,0,0,0,1971,0
2.3,0,0,0,0,0,1971,0
2.3,0,0,0,0,0,1971,0
2.3,0,0,0,0,1,1971,0
2.3,0,1,0,0,0,1971,0
2.3,0,0,0,0,1,1971,0
2.3,0,0,0,0,0,1971,0
2.3,0,0,0,0,0,1971,0
2.3,0,0,0,0,0,1971,0
2.3,0,1,0,0,0,1971,1
2.3,0,1,0,0,1,1971,0
2.3,0,0,0,0,0,1971,0
2.3,0,1,0,0,0,1971,1
2.3,0,1,0,0,1,1971,0
2.3,0,0,0,0,0,1971,0
2.3,0,0,0,0,0,1971,0
2.3,0,1,0,0,1,1971,0
2.3,0,1,0,0,1,1971,0
2.3,0,1,1,1,0,1971,0
2.3,0,1,1,0,0,1971,0
2.3,0,1,0,0,1,1971,1
2.3,0,0,0,0,1,1971,0
2.3,0,0,0,0,0,1971,0
2.3,0,1,0,0,1,1971,0
2.3,0,1,0,0,0,1971,1
2.3,0,0,0,0,0,1971,0
2.3,0,0,0,0,1,1971,0
2.3,0,0,0,0,1,1971,0
2.3,0,0,0,0,1,1971,0
2.3,0,1,0,0,0,1971,0
2.3,0,0,0,0,0,1971,0
2.3,0,0,0,0,0,1971,0
2.3,0,1,1,0,1,1971,0
2.3,0,1,0,1,1,1971,0
2.3,0,0,0,0,0,1971,0
2.3,0,1,1,0,1,1971,0
2.3,0,1,0,0,1,1971,0
2.3,0,0,0,0,0,1971,0
2.3,0,0,0,0,1,1971,0
2.3,0,0,0,0,0,1971,0
2.3,0,0,0,0,0,1971,0
2.3,0,0,0,0,0,1971,0
2.3,0,0,0,0,0,1971,0
2.3,0,1,0,0,0,1971,0
2.3,0,1,1,0,1,1971,0
2.3,0,1,0,0,1,1971,0
2.3,0,0,0,0,1,1971,1
2.3,0,0,0,0,0,1971,0
2.3,0,0,0,0,1,1971,0
2.3,0,1,0,0,0,1971,0
2.3,0,0,0,0,0,1971,0
2.3,0,1,1,0,1,1971,0
2.3,3,1,1,0,1,1971,0
2.3,0,0,0,0,0,1971,0
2.3,0,0,0,0,1,1971,0
2.3,0,1,0,0,1,1971,0
2.3,1,1,0,0,0,1971,0
2.3,1,1,0,0,0,1971,0
2.3,0,0,0,0,0,1971,0
2.3,0,1,0,0,0,1971,1
2.3,0,1,0,0,0,1971,0
2.3,0,0,0,0,0,1971,0
2.3,0,0,0,0,0,1971,0
2.3,0,1,0,0,1,1971,0
2.3,0,1,0,0,0,1971,1
2.3,0,1,0,0,1,1971,0
2.3,0,0,0,0,0,1971,0
2.3,0,0,0,0,1,1971,0
2.3,3,1,1,0,1,1971,0
2.3,0,0,0,0,1,1971,0
2.3,0,0,0,0,0,1971,0
2.3,0,0,0,0,0,1971,1
2.3,0,0,0,0,0,1971,0
2.3,0,0,0,0,0,1971,0
2.3,0,1,0,0,0,1971,0
2.3,0,0,1,0,0,1971,0
2.3,0,0,0,0,0,1971,0
2.3,0,0,0,0,0,1971,0
2.3,0,0,0,0,0,1971,0
2.3,0,0,0,0,0,1971,0
2.3,0,0,0,0,1,1971,0
2.3,0,0,0,0,0,1971,0
2.3,0,1,1,0,0,1971,0
2.3,0,1,0,0,0,1971,0
2.3,1,0,0,0,0,1971,0
2.3,0,1,1,0,0,1971,1
2.3,0,0,0,0,0,1971,1
2.3,0,0,0,0,0,1971,1
2.3,0,1,1,0,1,1971,1
2.3,0,0,0,0,0,1971,0
2.3,0,0,0,0,0,1971,0
2.3,0,0,0,0,0,1971,1
2.3,0,0,0,0,0,1971,0
2.3,0,1,0,0,0,1971,0
2.3,0,0,0,0,0,1971,0
2.3,0,0,0,0,0,1971,0
2.3,0,1,0,0,0,1971,0
2.3,0,0,0,0,1,1971,1
2.3,0,1,1,0,1,1971,0
2.3,0,1,0,0,0,1971,0
2.3,0,1,0,1,1,1971,0
2.3,0,0,0,0,0,1971,0
2.3,0,1,1,0,0,1971,1
2.3,0,1,0,0,0,1971,0
2.3,0,0,0,0,1,1971,0
2.3,0,0,0,0,0,1971,0
2.3,0,1,1,0,1,1971,0
2.3,0,1,1,0,1,1971,0
2.3,0,0,0,0,0,1971,0
2.3,0,0,0,0,0,1971,0
2.3,0,1,1,0,0,1971,0
2.3,0,1,1,0,1,1971,0
2.3,0,0,0,0,0,1971,0
2.3,0,1,0,0,1,1971,0
2.3,0,0,0,0,0,1971,0
2.3,1,1,0,0,1,1971,1
2.3,0,0,0,0,0,1971,0
2.3,0,0,0,0,0,1971,0
2.3,0,0,0,0,0,1971,0
2.3,0,0,0,0,0,1971,0
2.3,0,1,1,0,1,1971,0
2.3,0,0,0,0,0,1972,0
2.3,0,0,0,0,1,1972,0
2.3,0,1,0,0,1,1972,0
2.3,0,0,0,0,0,1972,0
2.3,0,1,0,0,1,1972,0
2.3,0,0,0,0,0,1972,0
2.3,0,1,1,0,1,1972,1
2.3,0,1,0,0,0,1972,0
2.3,0,1,0,0,0,1972,0
2.3,0,0,0,0,0,1972,0
2.3,0,1,0,0,1,1972,1
2.3,0,1,1,0,0,1972,0
2.3,0,1,1,0,0,1972,0
2.3,0,1,0,0,1,1972,1
2.3,0,0,0,0,0,1972,0
2.3,0,1,1,0,1,1972,0
2.3,0,0,0,0,0,1972,0
2.3,0,1,1,0,0,1972,1
2.3,0,0,0,0,1,1972,0
2.3,0,0,0,0,0,1972,0
2.3,0,0,0,0,0,1972,1
2.3,0,0,0,0,1,1972,0
2.3,0,1,1,0,1,1972,0
2.3,0,1,0,0,0,1972,0
2.3,0,1,0,0,0,1972,0
2.3,0,0,0,0,0,1972,0
2.3,2,0,0,0,0,1972,1
2.3,0,1,0,0,1,1972,1
2.3,0,1,0,0,1,1972,0
2.3,0,1,0,0,0,1972,0
2.3,0,0,0,0,1,1972,0
2.3,0,0,0,0,1,1972,0
2.3,0,0,0,0,0,1972,0
2.3,0,1,0,0,0,1972,0
2.3,0,0,0,0,1,1972,0
2.3,0,1,1,0,0,1972,0
2.3,0,0,0,0,0,1972,1
2.3,0,0,0,0,0,1972,0
2.3,0,0,0,0,0,1972,0
2.3,0,1,0,0,0,1972,0
2.3,0,1,0,0,1,1972,0
2.3,0,1,0,0,1,1972,0
2.3,0,1,0,0,1,1972,0
2.3,0,1,1,0,0,1972,0
2.3,0,1,0,0,1,1972,0
2.3,0,1,1,0,0,1972,1
2.3,0,1,1,0,0,1972,1
2.3,0,0,0,0,0,1972,0
2.3,0,1,0,0,1,1972,0
2.3,0,0,0,0,0,1972,0
2.3,0,0,0,0,0,1972,0
2.3,0,1,1,0,1,1972,0
2.3,0,0,0,0,1,1972,0
2.3,0,1,1,0,0,1972,0
2.3,0,0,0,0,0,1972,0
2.3,0,0,0,0,0,1972,1
2.3,0,1,1,0,0,1972,0
2.3,0,0,0,0,0,1972,1
2.3,0,0,0,0,0,1972,0
2.3,0,0,0,0,0,1972,0
2.3,0,0,0,0,1,1972,0
2.3,0,1,0,0,1,1972,1
2.3,0,1,0,0,0,1972,0
2.3,0,1,1,0,0,1972,0
2.3,0,1,0,0,1,1972,1
2.3,0,0,0,0,0,1972,1
2.3,0,1,0,0,1,1972,0
2.3,0,0,0,0,0,1972,1
2.3,0,1,0,0,0,1972,0
2.3,0,0,0,0,0,1972,0
2.3,0,1,0,0,1,1972,0
2.3,0,0,0,0,0,1972,0
2.3,0,0,0,0,0,1972,1
2.3,0,0,0,0,0,1972,1
2.3,0,1,0,0,1,1972,0
2.3,0,0,0,0,0,1972,0
2.3,0,1,1,0,1,1972,0
2.3,0,0,0,0,1,1972,0
2.3,0,0,0,0,0,1972,0
2.3,0,0,0,0,0,1972,1
2.3,0,0,0,0,0,1972,0
2.3,0,1,0,0,1,1972,0
2.3,0,0,0,0,0,1972,1
2.3,0,1,1,0,0,1972,0
2.3,0,0,0,0,0,1972,0
1.79,5,1,0,0,0,1972,0
2.3,0,0,0,0,1,1972,0
2.3,0,1,0,0,1,1972,1
2.3,0,1,0,0,0,1972,0
2.3,0,0,0,0,0,1972,0
2.3,0,0,0,0,0,1972,0
2.3,1,0,0,0,0,1972,0
2.3,0,1,0,0,1,1972,0
2.3,0,0,0,0,0,1972,0
2.3,0,1,0,0,0,1972,0
2.3,0,1,1,0,1,1972,0
2.3,0,1,0,0,1,1972,0
2.3,0,0,0,1,1,1972,0
2.3,0,0,0,0,0,1972,0
2.3,0,0,0,0,0,1972,0
2.3,0,0,0,0,0,1972,0
2.3,0,1,0,0,1,1972,0
2.3,0,0,0,0,0,1972,0
2.3,0,0,0,0,0,1972,0
2.3,0,1,0,0,0,1972,0
2.3,0,0,0,0,1,1972,0
2.3,0,0,0,0,0,1972,1
2.3,0,0,0,0,0,1972,0
2.3,0,0,0,0,0,1972,0
2.3,0,0,0,0,0,1972,0
2.3,0,0,0,0,0,1972,1
2.3,0,0,0,0,0,1972,0
2.3,0,1,0,0,1,1972,0
2.3,0,0,0,0,0,1972,0
2.3,0,1,0,0,1,1972,0
2.3,0,1,0,0,1,1972,1
2.3,0,1,1,0,1,1972,0
2.3,0,1,0,0,1,1972,0
2.3,0,0,0,1,0,1972,0
2.3,0,1,0,0,1,1972,0
2.3,0,1,0,0,1,1972,0
2.3,0,0,0,0,0,1972,0
2.3,0,0,0,0,0,1972,1
2.3,0,1,1,0,0,1972,0
2.3,0,0,0,0,0,1972,0
2.3,0,0,0,0,0,1972,0
2.3,0,0,0,0,0,1972,0
2.3,0,0,0,0,0,1972,0
2.3,0,0,0,0,1,1972,1
2.3,0,0,0,0,0,1972,1
2.3,0,0,0,0,0,1972,0
2.3,0,1,0,0,0,1972,0
2.3,0,1,1,0,1,1972,0
2.3,0,1,0,0,1,1972,0
2.3,0,0,0,0,0,1972,0
2.3,0,0,0,0,0,1973,0
2.3,0,1,1,0,0,1973,1
2.3,0,1,0,0,0,1973,0
2.3,0,0,0,0,0,1973,0
2.3,0,1,0,0,0,1973,0
2.3,0,0,0,0,0,1973,0
2.3,0,0,0,0,0,1973,0
2.3,0,0,0,0,0,1973,1
2.3,0,0,0,0,0,1973,1
2.3,0,0,0,0,0,1973,1
2.3,0,0,0,0,0,1973,1
2.3,0,0,0,0,0,1973,0
2.3,0,0,0,0,0,1973,1
2.3,0,1,1,0,0,1973,0
2.3,0,1,1,0,0,1973,1
2.3,0,1,0,0,1,1973,0
2.3,0,1,1,0,0,1973,1
2.3,0,0,0,0,1,1973,0
2.3,0,1,0,0,1,1973,0
2.3,0,0,0,0,0,1973,0
2.3,0,0,0,0,0,1973,1
2.3,0,1,0,0,1,1973,0
2.3,0,0,0,0,0,1973,0
2.3,0,1,1,0,0,1973,0
2.3,0,0,0,0,0,1973,0
2.3,5,1,0,0,0,1973,0
2.3,0,0,0,0,0,1973,0
2.3,0,0,0,0,0,1973,1
2.3,0,0,0,0,0,1973,0
2.3,0,1,1,0,1,1973,0
2.3,0,0,0,0,0,1973,0
2.3,1,0,0,0,0,1973,1
2.3,0,1,0,0,0,1973,1
2.3,0,1,0,0,1,1973,0
2.3,0,1,0,0,0,1973,0
2.3,0,0,0,0,0,1973,1
2.3,0,0,0,0,0,1973,0
2.3,0,1,0,0,0,1973,0
2.3,0,1,1,0,0,1973,1
2.3,0,0,0,0,0,1973,0
2.3,0,1,0,0,0,1973,0
2.3,0,0,0,0,0,1973,0
2.3,0,0,0,0,1,1973,1
2.3,0,1,1,0,0,1973,1
2.3,0,0,0,0,0,1973,0
2.3,0,1,0,0,1,1973,1
2.3,0,0,0,0,0,1973,0
2.3,0,0,0,0,0,1973,0
2.3,0,0,0,0,0,1973,0
2.3,0,0,0,0,0,1973,0
2.3,0,1,0,0,0,1973,0
2.3,0,0,0,0,0,1973,0
2.3,0,0,0,0,0,1973,0
2.3,0,0,0,0,0,1973,0
2.3,0,0,0,0,0,1973,0
2.3,0,0,0,0,1,1973,1
2.3,0,1,1,0,0,1973,0
2.3,0,1,0,0,1,1973,0
2.3,0,1,0,0,1,1973,0
2.3,0,0,0,1,0,1973,0
2.3,0,1,1,0,0,1973,1
2.3,0,0,0,0,0,1973,1
2.3,0,0,0,0,0,1973,0
2.3,0,1,0,0,0,1973,0
2.3,0,0,0,0,0,1973,0
2.3,0,0,0,0,0,1973,1
2.3,0,1,0,0,0,1973,0
2.3,0,1,1,0,0,1973,0
2.3,0,0,0,0,0,1973,0
2.3,0,0,0,0,0,1973,0
2.3,0,1,1,0,1,1973,0
2.3,0,1,1,0,0,1973,0
2.3,0,0,1,0,0,1973,0
2.3,0,0,0,0,0,1973,0
2.3,0,0,0,0,1,1973,0
2.3,0,0,0,0,0,1973,0
2.3,0,0,0,0,0,1973,0
2.3,0,1,1,0,0,1973,0
2.3,0,0,0,0,0,1973,0
2.3,0,0,0,0,0,1973,0
2.3,0,0,0,0,1,1973,0
2.3,0,1,1,0,1,1973,0
2.3,0,0,0,0,0,1973,0
2.3,0,0,0,0,0,1973,0
2.3,0,0,0,0,0,1973,0
2.3,0,0,0,0,0,1973,1
2.3,0,1,0,0,0,1973,0
2.3,0,0,0,0,0,1973,0
2.3,0,1,1,0,1,1973,0
2.3,0,0,0,0,0,1973,0
2.3,0,1,0,1,0,1973,0
2.3,0,1,1,0,0,1973,1
2.3,0,1,0,0,1,1973,0
2.3,0,1,1,0,0,1973,0
2.3,0,0,0,0,0,1973,0
2.3,0,0,0,0,1,1973,0
2.3,0,0,0,0,1,1973,0
2.3,0,0,0,0,0,1973,0
2.3,0,0,0,0,0,1973,0
2.3,0,0,0,0,0,1973,0
2.3,0,1,1,0,0,1973,1
2.3,0,0,0,0,0,1973,0
2.3,0,0,0,0,0,1973,0
2.3,0,1,0,0,0,1973,1
2.3,0,0,0,0,0,1973,0
2.3,0,1,0,0,0,1973,0
2.3,0,1,1,0,0,1973,1
2.3,0,0,0,0,0,1973,1
2.3,0,0,0,0,0,1973,0
2.3,0,0,0,0,0,1973,0
2.3,0,0,0,0,0,1973,0
2.3,0,0,0,0,0,1973,0
2.3,0,1,0,0,0,1973,0
2.3,0,1,0,0,0,1973,1
2.3,0,1,0,0,0,1973,0
2.3,0,1,1,0,1,1973,0
2.3,0,1,0,0,0,1973,0
2.3,0,0,0,0,0,1973,0
2.3,0,0,0,0,0,1973,0
2.3,0,0,0,0,0,1973,1
2.3,0,0,0,0,0,1973,0
2.3,0,1,1,0,0,1973,0
2.3,0,0,0,0,0,1973,1
2.3,0,1,1,0,1,1973,0
2.3,0,1,0,0,1,1973,1
2.3,0,0,0,0,0,1973,0
2.3,0,1,0,0,1,1973,0
2.3,0,1,0,0,1,1973,0
2.3,0,1,0,0,1,1973,1
2.3,0,0,0,0,0,1973,0
2.3,0,0,0,0,0,1973,0
2.3,0,0,0,0,1,1973,0
2.3,0,0,0,0,0,1973,0
2.3,1,0,0,0,0,1973,0
2.3,0,0,0,0,0,1973,0
2.3,0,0,0,0,0,1973,1
2.3,0,0,0,0,0,1973,1
2.3,0,0,0,0,0,1973,1
2.3,0,0,0,0,1,1973,0
2.3,0,0,0,0,0,1973,0
2.3,0,0,0,0,0,1974,0
2.3,0,1,0,0,0,1974,0
2.3,0,0,0,0,0,1974,0
2.3,0,1,1,0,0,1974,0
2.3,0,1,0,0,1,1974,0
2.3,0,1,0,0,1,1974,0
2.3,0,0,0,0,0,1974,1
2.3,0,0,0,0,0,1974,1
2.3,0,0,0,0,0,1974,0
2.3,0,0,0,0,0,1974,0
2.3,0,0,0,0,0,1974,0
2.3,1,0,0,1,0,1974,0
2.3,0,0,0,0,0,1974,1
2.3,0,0,0,0,0,1974,0
2.3,0,1,0,0,0,1974,1
2.3,0,1,1,0,1,1974,1
2.3,0,1,1,0,1,1974,0
2.3,0,1,0,0,1,1974,0
2.3,0,0,0,0,0,1974,0
2.3,0,1,0,0,0,1974,0
2.3,0,0,0,0,0,1974,0
2.3,0,1,0,0,1,1974,0
2.3,0,0,0,0,1,1974,0
2.3,0,0,0,0,1,1974,0
2.3,0,0,0,0,0,1974,0
2.3,0,0,0,0,0,1974,1
2.3,0,0,0,0,1,1974,0
2.3,0,1,0,0,1,1974,0
2.3,0,1,0,0,0,1974,0
2.3,0,0,0,0,0,1974,0
2.3,0,1,0,0,0,1974,0
2.3,0,1,0,0,1,1974,0
2.3,0,0,0,0,0,1974,1
2.3,0,0,0,0,0,1974,0
2.3,0,0,0,0,1,1974,1
2.3,0,1,1,0,1,1974,0
2.3,0,1,0,0,1,1974,0
2.3,0,0,0,0,1,1974,0
2.3,0,0,0,0,1,1974,1
2.3,1,0,0,0,0,1974,0
2.3,0,1,0,0,0,1974,1
2.3,0,0,0,0,0,1974,0
1.79,3,1,0,0,0,1974,0
2.3,0,1,1,0,0,1974,0
2.3,0,0,0,0,0,1974,0
2.3,0,0,0,0,0,1974,0
2.3,0,1,1,0,0,1974,1
2.3,0,1,0,0,0,1974,0
2.3,0,0,0,0,0,1974,0
2.3,0,0,0,0,0,1974,0
2.3,0,0,0,0,0,1974,0
2.3,0,1,1,0,0,1974,0
2.3,0,0,0,0,0,1974,0
2.3,0,1,0,0,0,1974,1
2.3,0,1,0,0,0,1974,0
2.3,0,1,0,0,1,1974,0
2.3,0,0,0,0,0,1974,0
2.3,0,1,0,0,1,1974,0
2.3,0,0,0,0,0,1974,0
2.3,0,0,0,0,0,1974,1
2.3,0,0,0,0,0,1974,0
2.3,0,1,0,0,0,1974,0
2.3,0,0,0,0,0,1974,1
2.3,0,1,0,0,0,1974,0
2.3,0,1,0,0,0,1974,0
2.3,0,0,0,0,0,1974,0
2.3,0,0,0,0,0,1974,0
2.3,0,1,0,0,1,1974,0
2.3,0,1,0,0,0,1974,0
2.3,0,0,0,0,1,1974,0
2.3,0,1,1,0,0,1974,1
2.3,0,0,0,0,0,1974,0
2.3,0,0,0,0,0,1974,0
2.3,1,0,0,0,0,1974,0
2.3,0,0,0,0,0,1974,1
2.3,0,1,0,0,0,1974,0
2.3,0,0,0,0,0,1974,1
2.3,0,1,0,0,0,1974,0
2.3,0,1,0,0,0,1974,1
2.3,0,0,0,0,0,1974,0
2.3,0,0,0,0,0,1974,0
2.3,0,0,0,0,0,1974,0
2.3,0,1,0,0,1,1974,1
2.3,0,1,0,0,0,1974,0
2.3,0,1,0,0,1,1974,0
2.3,0,1,0,0,1,1974,0
2.3,0,0,0,0,0,1974,1
2.3,0,1,0,0,0,1974,0
2.3,0,1,0,0,0,1974,1
2.3,0,0,0,0,0,1974,0
2.3,0,0,0,0,0,1974,0
2.3,0,0,0,0,0,1974,0
2.3,0,0,0,0,0,1974,0
2.3,0,1,0,0,1,1974,0
2.3,0,1,0,0,0,1974,1
2.3,0,0,0,0,0,1974,1
2.3,0,0,0,0,0,1974,0
2.3,0,0,0,0,0,1974,1
2.3,0,0,0,0,0,1974,0
2.3,0,0,0,0,1,1974,0
2.3,0,1,0,0,0,1974,0
2.3,0,1,0,0,1,1974,0
2.3,0,0,0,0,0,1974,1
2.3,0,1,0,0,0,1974,0
2.3,0,0,0,0,0,1974,0
2.3,0,0,0,0,0,1974,0
2.3,0,0,0,0,0,1974,0
2.3,0,0,0,0,1,1974,1
2.3,0,0,0,0,0,1974,1
2.3,0,1,0,0,0,1974,0
2.3,0,1,0,0,0,1974,0
2.3,0,0,0,0,0,1974,0
2.3,0,1,0,0,0,1974,0
2.3,0,1,0,0,1,1974,1
2.3,0,1,1,0,1,1974,0
2.3,0,1,0,0,0,1974,0
2.3,0,1,0,0,1,1974,1
2.3,0,0,0,0,0,1974,0
2.3,0,0,0,0,0,1974,0
2.3,0,0,0,0,1,1974,0
2.3,0,1,0,0,1,1974,0
2.3,0,1,1,0,1,1974,0
2.3,0,0,0,0,0,1974,0
2.3,0,0,0,0,0,1974,0
2.3,0,0,0,0,0,1974,0
2.3,0,0,0,0,0,1974,0
2.3,0,0,0,0,0,1974,0
2.3,0,1,0,0,1,1974,1
2.3,0,0,0,0,0,1974,1
2.3,0,0,0,0,0,1974,0
2.3,0,0,0,0,0,1974,0
2.3,0,0,0,0,0,1974,0
2.3,0,0,0,0,0,1974,0
2.3,0,1,0,0,0,1974,0
2.3,0,1,1,0,0,1974,0
2.3,0,0,0,0,0,1974,1
2.3,0,0,0,0,1,1974,0
2.3,0,1,0,0,0,1974,0
2.3,0,0,0,0,0,1974,0
2.3,0,0,0,0,0,1974,1
2.3,0,0,0,0,0,1974,1
2.3,0,0,0,0,0,1974,1
2.3,0,1,1,0,0,1974,1
2.3,0,0,0,0,0,1974,0
2.3,0,1,0,0,0,1974,1
2.3,0,1,0,0,1,1975,0
2.3,0,1,0,0,1,1975,0
2.3,0,0,0,0,0,1975,0
2.3,0,1,1,0,0,1975,0
2.3,0,0,0,0,0,1975,0
2.3,0,1,0,0,1,1975,1
2.3,0,0,0,0,1,1975,0
2.3,0,0,0,0,0,1975,0
2.3,0,1,0,0,0,1975,0
2.3,0,0,0,0,0,1975,1
2.3,0,0,0,0,1,1975,0
2.3,0,1,0,0,0,1975,1
2.3,0,0,0,0,0,1975,0
2.3,0,0,0,0,0,1975,0
2.3,0,1,0,0,1,1975,0
2.3,0,1,1,0,1,1975,0
2.3,0,1,1,0,0,1975,0
2.3,0,1,0,0,1,1975,0
2.3,0,0,0,0,0,1975,0
2.3,2,0,0,0,0,1975,0
0.69,2,0,0,0,0,1975,0
2.3,0,0,0,0,0,1975,0
2.3,0,0,0,0,1,1975,0
2.3,0,0,0,0,1,1975,0
2.3,0,1,0,0,1,1975,0
2.3,0,0,0,0,0,1975,0
2.3,0,1,0,0,0,1975,0
2.3,0,1,0,0,1,1975,0
2.3,1,0,0,0,0,1975,0
2.3,0,1,0,0,0,1975,0
2.3,0,1,0,0,1,1975,0
2.3,0,1,0,1,1,1975,0
2.3,0,1,0,0,1,1975,0
2.3,0,0,0,0,1,1975,0
2.3,0,1,0,0,0,1975,0
2.3,0,0,0,0,1,1975,1
2.3,0,1,1,0,1,1975,0
2.3,0,0,0,0,0,1975,0
2.3,0,0,0,0,1,1975,0
2.3,0,0,0,0,0,1975,0
2.3,0,0,0,0,1,1975,0
2.3,0,0,0,0,1,1975,0
2.3,0,0,0,0,1,1975,0
2.3,0,1,0,0,1,1975,0
2.3,0,1,0,0,1,1975,0
2.3,0,0,0,0,0,1975,1
2.3,0,0,0,0,0,1975,0
2.3,0,1,1,0,0,1975,0
2.3,0,1,0,0,0,1975,1
2.3,0,1,0,0,0,1975,0
2.3,0,1,0,0,1,1975,0
2.3,0,0,0,0,0,1975,0
2.3,0,1,0,0,1,1975,0
2.3,0,1,0,0,0,1975,1
2.3,0,0,0,0,0,1975,0
2.3,0,1,1,0,0,1975,1
2.3,0,0,0,0,1,1975,1
2.3,0,1,0,0,0,1975,1
2.3,0,0,0,0,0,1975,0
2.3,0,0,0,0,0,1975,0
2.3,0,1,0,0,1,1975,0
2.3,0,1,1,0,0,1975,0
2.3,0,0,0,0,0,1975,0
2.3,0,1,0,0,1,1975,1
2.3,3,1,0,0,0,1975,0
2.3,0,0,0,0,0,1975,0
2.3,0,1,0,0,1,1975,1
2.3,0,0,0,0,1,1975,0
2.3,0,0,0,0,1,1975,0
2.3,0,1,0,0,1,1975,0
2.3,0,0,0,0,0,1975,0
2.3,0,0,0,0,0,1975,1
2.3,0,1,0,0,0,1975,1
2.3,0,1,0,0,1,1975,0
2.3,0,0,0,0,1,1975,1
2.3,0,1,0,0,0,1975,1
2.3,0,0,0,0,0,1975,1
2.3,0,1,0,0,0,1975,0
2.3,0,0,0,0,0,1975,0
2.3,0,0,0,0,0,1975,0
2.3,0,1,1,0,0,1975,1
2.3,0,1,1,0,1,1975,0
2.3,0,1,0,0,0,1975,0
2.3,0,1,0,0,0,1975,0
2.3,0,0,0,0,0,1975,0
2.3,0,0,0,0,0,1975,0
0.69,3,0,0,0,0,1975,0
2.3,0,1,1,0,0,1975,1
2.3,0,1,0,0,1,1975,0
2.3,0,0,0,0,0,1975,1
2.3,0,1,1,0,0,1975,0
2.3,0,0,0,0,0,1975,0
2.3,0,1,1,0,0,1975,0
1.39,3,0,0,0,0,1975,1
2.3,0,0,0,0,0,1975,0
2.3,0,1,0,0,1,1975,0
2.3,0,1,0,0,0,1975,1
2.3,0,0,0,0,0,1975,0
2.3,0,1,1,1,0,1975,1
2.3,0,0,0,0,0,1975,0
2.3,0,1,1,0,0,1975,0
2.3,0,0,0,0,0,1975,0
2.3,0,0,0,0,0,1975,1
2.3,3,1,0,0,0,1975,0
2.3,0,1,0,0,1,1975,0
2.3,0,1,0,0,1,1975,0
2.3,0,1,0,0,1,1975,0
2.3,0,0,0,0,0,1976,0
2.3,0,1,0,0,0,1976,1
2.3,0,0,0,0,0,1976,0
2.3,0,1,0,0,1,1976,0
2.3,0,0,0,0,1,1976,0
2.3,0,0,0,0,0,1976,0
2.3,0,0,0,0,0,1976,0
2.3,0,0,0,0,1,1976,1
2.3,0,0,0,0,1,1976,0
2.3,0,1,0,0,1,1976,0
2.3,0,0,0,0,1,1976,1
2.3,0,0,0,0,1,1976,0
2.3,0,0,0,0,0,1976,1
2.3,0,0,0,0,0,1976,0
2.3,0,1,1,0,0,1976,1
2.3,0,0,0,0,0,1976,0
2.3,0,0,0,0,1,1976,0
2.3,0,0,0,0,1,1976,0
2.3,0,0,0,0,0,1976,0
2.3,0,0,0,0,0,1976,0
2.3,0,1,0,0,1,1976,0
2.3,0,0,0,0,0,1976,0
2.3,0,1,1,0,1,1976,0
2.3,0,1,1,0,0,1976,1
2.3,0,0,0,0,0,1976,1
2.3,0,0,0,0,0,1976,1
2.3,0,0,0,0,0,1976,0
2.3,0,1,1,1,0,1976,0
2.3,0,1,0,0,1,1976,1
2.3,0,0,0,0,0,1976,0
2.3,0,0,0,0,0,1976,0
2.3,0,0,0,0,1,1976,0
2.3,0,1,0,0,0,1976,0
2.3,0,0,0,0,0,1976,0
2.3,0,1,0,0,0,1976,0
2.3,0,1,0,0,0,1976,1
2.3,0,0,0,0,0,1976,0
2.3,0,0,0,0,0,1976,0
2.3,0,0,0,0,0,1976,0
2.3,0,0,0,0,0,1976,1
2.3,0,0,0,0,0,1976,0
2.3,0,1,0,0,0,1976,0
2.3,0,0,0,0,1,1976,1
2.3,0,1,1,0,0,1976,1
2.3,0,1,0,1,0,1976,0
2.3,0,0,0,0,0,1976,0
2.3,0,0,0,0,1,1976,0
2.3,0,0,0,0,0,1976,0
2.3,0,0,0,0,0,1976,1
2.3,0,1,0,0,0,1976,0
2.3,0,0,0,0,0,1976,0
2.3,0,0,0,1,0,1976,0
2.3,0,0,0,0,1,1976,0
2.3,0,1,1,0,0,1976,1
2.3,0,0,0,0,1,1976,0
2.3,0,1,0,0,0,1976,0
2.3,0,0,0,0,1,1976,0
2.3,0,1,0,0,0,1976,0
2.3,0,0,0,0,0,1976,1
2.3,0,1,1,0,0,1976,0
2.3,0,1,0,0,1,1976,0
2.3,0,0,1,1,0,1976,0
2.3,0,0,0,0,1,1976,1
2.3,0,0,0,0,0,1976,1
2.3,0,1,0,0,1,1976,0
2.3,0,1,1,0,0,1976,0
2.3,0,0,0,0,0,1976,1
2.3,0,0,0,0,1,1976,0
2.3,0,1,0,0,1,1976,1
2.3,0,0,0,0,0,1976,0
2.3,0,1,0,0,1,1976,1
2.3,0,0,0,0,0,1976,0
2.3,0,1,0,0,1,1976,0
2.3,0,1,0,0,0,1976,0
2.3,0,0,0,0,0,1976,0
2.3,0,1,0,0,1,1976,0
2.3,0,0,0,0,0,1976,1
2.3,0,0,0,0,0,1976,0
2.3,1,1,0,0,0,1976,0
2.3,0,0,0,0,0,1976,0
2.3,0,0,0,0,0,1976,0
2.3,0,1,0,0,1,1976,1
2.3,0,0,0,0,0,1976,0
2.3,0,0,0,0,0,1976,0
2.3,0,0,0,0,0,1976,0
2.3,0,1,0,0,1,1976,0
2.3,0,0,0,0,1,1976,0
2.3,0,0,0,0,0,1976,0
2.3,0,0,1,1,0,1976,0
2.3,0,0,0,0,0,1976,0
2.3,0,1,0,0,0,1976,0
2.3,0,0,0,0,0,1976,1
2.3,1,0,0,0,0,1976,0
2.3,0,0,0,0,1,1976,1
2.3,0,0,0,0,0,1976,1
2.3,0,0,0,0,0,1976,0
2.3,0,0,0,0,0,1976,0
2.3,0,1,0,1,0,1976,0
2.3,0,1,0,0,1,1976,0
2.3,0,0,0,0,1,1976,0
2.3,0,0,0,0,1,1976,0
2.3,0,1,0,0,0,1976,0
2.3,0,0,0,0,0,1976,1
2.3,0,1,0,0,0,1976,0
2.3,0,1,0,0,1,1976,0
2.3,0,1,0,0,0,1976,0
2.3,0,0,0,0,0,1976,1
2.3,0,1,0,0,1,1976,0
2.3,0,1,0,0,0,1976,0
2.3,0,1,0,0,1,1976,1
2.3,0,1,0,0,1,1976,0
2.3,0,0,0,0,1,1976,1
2.3,0,0,0,0,1,1976,0
2.3,0,0,0,0,0,1976,0
2.3,0,1,0,0,0,1976,0
2.3,0,0,0,0,1,1976,0
2.3,0,0,0,0,1,1976,0
2.3,0,0,0,0,0,1976,1
2.3,0,0,0,1,0,1976,0
2.3,0,0,0,0,0,1976,0
2.3,0,1,0,0,0,1976,0
2.3,0,1,0,0,1,1976,0
2.3,0,0,0,0,0,1976,0
2.3,0,0,0,0,0,1976,0
2.3,0,0,0,0,0,1976,1
2.3,0,0,0,0,0,1976,1
2.3,0,1,0,0,0,1976,0
2.3,0,1,0,0,0,1976,0
2.3,0,0,0,0,1,1976,0
2.3,0,0,0,0,0,1976,0
2.3,0,0,0,0,1,1976,0
2.3,0,0,0,0,0,1976,0
2.3,0,1,0,0,1,1976,0
2.3,0,1,0,0,1,1976,1
2.3,0,1,0,0,1,1976,0
2.3,0,1,0,0,0,1976,0
2.3,0,0,0,0,0,1976,0
2.3,0,1,0,0,1,1976,0
2.3,0,1,0,0,0,1976,0
2.3,0,1,0,0,0,1976,0
2.3,0,0,0,0,0,1976,0
2.3,1,0,0,0,1,1976,0
2.3,0,1,0,0,1,1976,0
2.3,0,0,0,0,0,1976,1
2.3,0,0,0,0,1,1976,0
2.3,0,0,0,0,0,1976,0
2.3,0,0,0,0,0,1976,0
2.3,0,0,0,0,0,1976,0
2.3,0,0,0,0,0,1976,0
2.3,0,0,0,0,0,1976,0
2.3,0,1,0,0,0,1976,0
2.3,0,1,0,0,1,1976,0
2.3,0,0,0,0,0,1976,1
2.3,0,1,0,0,0,1976,0
2.3,0,1,0,0,1,1977,0
2.3,0,0,0,0,0,1977,1
2.3,0,1,0,0,1,1977,0
2.3,0,1,0,0,1,1977,0
2.3,0,1,1,1,0,1977,0
2.3,0,1,0,0,1,1977,1
2.3,0,1,0,0,0,1977,0
2.3,0,0,0,0,0,1977,0
2.3,0,0,0,0,1,1977,0
2.3,0,0,0,0,1,1977,0
2.3,0,0,0,0,0,1977,0
2.3,0,0,0,0,0,1977,0
2.3,0,0,0,0,1,1977,0
2.3,0,1,0,0,0,1977,0
2.3,0,0,0,0,0,1977,0
2.3,0,1,0,0,1,1977,0
2.3,0,0,0,0,1,1977,1
2.3,0,0,0,0,1,1977,1
2.3,0,1,1,0,0,1977,0
2.3,0,0,0,0,1,1977,1
2.3,0,0,0,0,1,1977,0
2.3,11,0,0,0,0,1977,0
2.3,0,0,0,0,0,1977,0
2.3,0,0,0,0,0,1977,0
2.3,0,0,0,0,1,1977,0
2.3,0,1,1,0,0,1977,0
2.3,0,0,0,0,0,1977,0
2.3,0,0,0,0,1,1977,1
2.3,0,0,0,0,1,1977,1
2.3,0,0,0,0,0,1977,1
2.3,0,1,1,0,0,1977,0
2.3,0,0,0,0,0,1977,0
2.3,0,0,0,0,0,1977,0
2.3,0,0,0,0,0,1977,1
2.3,0,0,0,0,0,1977,0
2.3,0,1,0,0,1,1977,1
2.3,0,1,0,0,0,1977,1
2.3,0,0,0,0,1,1977,0
2.3,0,1,0,0,0,1977,1
2.3,0,0,0,0,1,1977,1
2.3,0,1,0,0,0,1977,0
2.3,0,0,0,0,0,1977,0
2.3,0,1,0,0,0,1977,0
2.3,0,1,0,0,1,1977,0
2.3,0,1,1,0,0,1977,0
2.3,0,1,0,0,1,1977,0
2.3,0,0,0,0,1,1977,0
2.3,0,1,0,0,0,1977,0
2.3,0,0,0,0,0,1977,1
2.3,0,0,0,0,0,1977,0
2.3,0,1,0,0,0,1977,0
2.3,0,0,0,0,0,1977,0
2.3,0,0,0,0,0,1977,0
2.3,3,0,0,1,0,1977,1
2.3,0,0,0,0,1,1977,0
2.3,0,0,0,0,1,1977,0
2.3,0,0,0,0,0,1977,0
2.3,0,0,0,0,1,1977,0
2.3,6,0,0,0,0,1977,0
2.3,0,0,0,0,0,1977,0
2.3,0,0,0,0,0,1977,1
2.3,0,0,0,0,0,1977,0
2.3,0,0,0,0,0,1977,1
2.3,0,0,0,0,0,1977,0
2.3,0,0,0,0,0,1977,0
2.3,0,1,0,0,1,1977,0
2.3,0,0,0,0,0,1977,0
2.3,0,1,0,0,0,1977,0
2.3,0,1,1,0,1,1977,1
2.3,0,0,0,0,1,1977,1
2.3,0,1,0,0,0,1977,1
2.3,0,0,0,0,0,1977,0
2.3,0,0,0,0,0,1977,0
2.3,0,1,0,0,0,1977,1
2.3,0,0,0,0,0,1977,0
2.3,0,1,0,0,0,1977,0
2.3,0,0,0,0,0,1977,0
2.3,0,1,0,0,1,1977,0
2.3,0,1,0,0,1,1977,0
2.3,0,0,0,0,1,1977,1
2.3,0,1,0,0,0,1977,0
2.3,0,0,0,0,0,1977,0
2.3,0,0,0,0,0,1977,0
2.3,0,0,0,0,1,1977,0
2.3,0,1,1,0,0,1977,0
2.3,0,1,0,0,1,1977,0
2.08,5,0,0,0,0,1977,1
2.3,0,0,0,0,1,1977,0
2.3,0,0,0,0,0,1977,0
2.3,0,1,0,0,0,1977,0
2.3,0,0,0,0,1,1977,0
2.3,0,0,0,0,1,1977,0
2.3,0,0,0,0,1,1977,0
2.3,0,1,0,0,0,1977,0
2.3,0,0,0,0,0,1977,0
2.3,0,1,1,0,0,1977,1
2.3,0,0,0,0,0,1977,0
2.3,0,1,0,0,0,1977,0
2.3,0,1,0,0,0,1977,0
2.3,0,1,0,0,0,1977,1
2.3,0,0,0,0,0,1977,0
2.3,0,0,0,0,0,1977,0
2.3,0,1,0,0,0,1977,0
2.3,0,0,0,0,1,1977,1
2.3,0,0,0,0,1,1977,0
2.3,0,1,0,0,1,1977,0
2.3,0,1,0,0,0,1977,0
2.3,0,1,0,0,0,1977,0
2.3,0,0,0,0,1,1977,1
2.3,0,0,0,0,0,1977,0
2.3,0,0,0,0,1,1977,0
2.3,0,0,0,0,0,1977,0
2.3,0,0,0,0,1,1977,0
2.3,0,0,0,0,0,1977,0
2.3,6,0,0,0,0,1977,0
2.3,0,1,0,0,0,1977,0
2.3,0,1,0,0,1,1977,1
2.3,0,0,0,0,0,1977,0
2.3,0,1,0,0,1,1977,0
2.3,0,0,0,0,0,1977,1
2.3,0,0,0,0,0,1977,0
2.3,0,1,0,0,1,1977,1
2.3,0,1,0,0,1,1977,0
2.3,0,0,0,0,1,1977,0
2.3,0,0,0,0,0,1977,0
2.3,0,1,0,0,0,1977,1
2.3,0,0,0,0,1,1977,0
2.3,0,0,0,0,0,1977,0
2.3,0,1,0,0,0,1977,0
2.3,0,1,0,0,0,1977,0
2.3,0,1,0,0,0,1977,1
2.3,0,0,0,0,0,1977,0
2.3,0,0,0,0,0,1977,0
2.3,0,0,0,0,0,1977,0
2.3,0,0,0,0,0,1977,1
2.3,0,0,0,0,1,1977,0
2.3,1,0,0,0,0,1977,1
2.3,0,0,0,0,0,1978,0
2.3,0,1,0,0,0,1978,0
2.3,1,0,0,0,1,1978,1
2.3,1,0,0,0,0,1978,1
2.3,0,1,0,0,0,1978,0
2.3,0,0,0,0,0,1978,0
2.3,0,0,0,0,1,1978,0
2.3,0,1,1,0,1,1978,0
2.3,0,1,0,0,0,1978,1
2.3,0,0,0,0,1,1978,0
2.3,0,0,0,0,1,1978,0
2.3,0,0,0,0,0,1978,1
2.3,0,0,0,0,1,1978,0
2.3,0,1,0,0,0,1978,1
2.3,0,1,0,0,0,1978,0
2.3,1,1,0,1,0,1978,0
2.3,0,1,0,0,1,1978,0
2.3,0,0,0,0,0,1978,1
2.3,0,1,0,0,1,1978,0
2.3,0,0,0,0,1,1978,0
2.3,0,0,0,0,0,1978,0
2.3,0,0,0,0,1,1978,0
2.3,0,1,0,0,1,1978,0
2.3,0,1,0,0,0,1978,1
2.3,0,1,0,0,0,1978,0
2.3,0,1,0,0,0,1978,1
2.3,0,1,0,0,1,1978,0
1.79,3,1,0,0,0,1978,0
2.3,0,1,0,0,1,1978,0
2.3,0,0,0,0,0,1978,0
2.3,0,1,0,0,0,1978,1
2.3,0,0,0,0,0,1978,1
2.3,0,1,0,0,0,1978,1
2.3,0,0,0,0,0,1978,0
2.3,0,1,0,0,0,1978,0
2.3,0,0,0,0,1,1978,1
2.3,0,1,0,0,1,1978,0
2.3,0,1,0,0,0,1978,1
2.3,0,0,0,0,1,1978,1
2.3,0,0,0,0,0,1978,0
2.3,0,1,0,0,1,1978,1
2.3,0,1,1,0,1,1978,0
2.3,0,0,0,0,1,1978,0
2.3,0,0,0,0,1,1978,1
2.3,0,0,0,0,0,1978,0
2.3,0,0,0,0,0,1978,0
2.3,0,1,0,0,0,1978,0
2.3,0,1,0,1,1,1978,0
2.3,0,0,0,0,0,1978,1
2.3,0,0,0,0,0,1978,0
2.3,0,1,0,0,0,1978,0
2.3,0,0,0,0,1,1978,0
2.3,0,0,0,0,0,1978,1
2.3,1,0,0,0,1,1978,1
1.79,2,1,0,0,0,1978,0
2.3,0,0,0,0,0,1978,1
2.3,0,0,0,0,0,1978,1
2.3,0,1,0,0,0,1978,0
2.3,0,1,0,0,0,1978,1
2.3,0,0,0,0,0,1978,0
2.3,0,0,0,0,0,1978,0
1.39,1,1,0,0,0,1978,1
2.3,0,1,0,0,0,1978,0
2.3,1,0,0,0,0,1978,0
2.3,1,1,0,0,0,1978,1
2.3,0,0,0,0,0,1978,0
2.3,0,1,0,0,0,1978,0
2.3,0,1,0,0,1,1978,0
2.3,0,0,0,0,0,1978,0
2.3,0,0,0,0,0,1978,1
2.3,0,0,0,0,0,1978,0
2.3,0,1,0,0,0,1978,0
2.3,0,1,0,0,0,1978,0
2.3,0,1,0,0,0,1978,0
2.3,0,0,0,0,1,1978,0
2.3,0,1,0,0,0,1978,0
2.3,0,0,0,0,0,1978,0
2.3,0,0,0,0,0,1978,0
2.3,0,0,0,0,0,1978,0
2.3,0,0,0,1,0,1978,0
2.3,0,1,1,0,0,1978,0
2.3,1,0,0,0,1,1978,0
2.3,0,0,0,0,0,1978,1
2.3,1,0,0,0,0,1978,0
2.3,0,0,0,0,0,1978,1
2.3,0,1,0,0,1,1978,0
2.3,0,0,0,0,0,1978,1
2.3,0,0,0,0,0,1978,0
2.3,0,1,0,0,0,1978,0
2.3,0,0,0,0,1,1978,0
2.3,0,1,1,0,0,1978,0
2.3,0,1,0,0,0,1978,0
2.3,0,0,0,0,0,1978,0
2.3,0,0,0,0,0,1978,0
2.3,0,1,0,0,0,1978,0
2.3,0,1,0,0,0,1978,0
1.79,3,1,0,0,0,1978,0
2.3,0,0,0,0,0,1978,0
2.3,1,0,0,0,0,1978,0
2.3,0,0,0,0,1,1978,0
2.3,0,0,0,0,0,1978,1
2.3,0,0,0,0,0,1978,1
2.3,0,1,0,0,0,1978,0
2.3,0,0,0,0,0,1978,0
2.3,0,1,0,0,1,1978,1
2.3,0,0,0,0,1,1978,1
2.3,0,0,0,0,1,1978,0
2.3,0,0,0,0,0,1978,0
2.3,0,1,0,0,1,1978,1
2.3,0,1,0,0,0,1978,0
2.3,0,0,0,0,0,1978,0
2.3,0,1,0,0,0,1978,0
2.3,0,0,0,0,0,1979,0
2.3,0,1,0,0,0,1979,1
2.3,0,0,0,0,1,1979,0
2.3,0,0,0,0,0,1979,0
2.3,0,1,0,0,0,1979,0
2.3,1,0,0,0,1,1979,1
2.08,7,1,0,0,1,1979,1
2.3,0,1,1,0,1,1979,0
2.3,4,1,0,0,1,1979,0
2.3,0,0,0,0,0,1979,1
2.3,0,1,0,0,1,1979,0
2.3,0,0,0,0,1,1979,0
2.2,0,1,0,0,1,1979,0
2.3,0,0,0,0,0,1979,0
2.3,0,0,0,0,0,1979,0
2.3,0,0,0,0,0,1979,0
2.3,0,0,0,0,0,1979,0
2.3,0,1,0,0,1,1979,0
2.3,0,1,0,0,1,1979,0
2.3,0,0,0,0,0,1979,0
2.3,0,0,0,0,1,1979,0
2.3,0,0,0,0,0,1979,1
2.3,0,1,0,0,1,1979,0
2.3,0,0,0,0,0,1979,0
2.3,0,0,0,0,0,1979,0
2.2,0,0,0,0,0,1979,0
2.3,0,0,0,0,0,1979,1
2.3,0,0,0,0,1,1979,1
2.3,0,0,0,0,0,1979,0
2.3,0,1,1,0,0,1979,0
2.3,0,0,0,0,0,1979,0
2.3,0,0,0,0,1,1979,0
2.3,5,1,0,0,0,1979,0
2.3,0,0,0,0,1,1979,0
2.3,0,1,0,0,1,1979,1
2.3,0,1,1,0,1,1979,0
2.3,0,0,0,0,0,1979,0
2.3,0,1,0,0,1,1979,0
2.3,0,1,0,0,1,1979,0
2.3,0,0,0,0,0,1979,0
2.3,0,0,0,0,0,1979,0
2.3,0,1,0,0,0,1979,0
2.2,0,0,0,0,1,1979,0
2.3,0,1,0,0,0,1979,0
2.3,0,1,0,0,0,1979,0
2.3,0,1,0,0,1,1979,0
2.3,0,1,1,0,0,1979,0
2.3,0,1,1,0,0,1979,0
2.3,0,0,0,0,0,1979,0
2.3,0,0,0,0,1,1979,1
2.3,0,0,0,0,0,1979,1
2.3,0,0,0,0,0,1979,0
2.3,0,1,1,0,0,1979,0
2.3,2,1,0,0,0,1979,0
2.3,0,0,0,0,1,1979,0
2.3,0,0,0,0,1,1979,0
2.3,0,1,0,0,1,1979,0
2.3,0,0,0,0,0,1979,0
2.3,4,0,0,0,0,1979,0
2.2,0,0,0,0,0,1979,0
2.3,0,0,0,0,0,1979,0
2.3,0,0,0,0,1,1979,0
2.2,0,1,0,0,0,1979,0
2.3,1,0,0,0,1,1979,1
2.2,0,1,0,0,1,1979,0
2.3,0,1,0,0,0,1979,0
2.3,0,0,0,0,1,1979,0
2.3,1,1,0,0,0,1979,1
2.2,0,1,0,0,1,1979,0
2.3,0,0,0,0,0,1979,1
2.3,0,1,0,0,1,1979,0
2.3,0,1,0,0,1,1979,1
2.3,1,1,0,0,0,1979,0
2.3,0,0,0,0,0,1979,0
2.3,0,0,0,0,0,1979,0
2.3,3,0,0,0,0,1979,0
2.3,0,1,0,0,1,1979,1
2.3,0,0,0,0,0,1979,0
2.3,0,0,0,0,1,1979,1
2.3,0,1,1,0,1,1979,0
2.3,0,1,0,0,1,1979,0
2.3,1,1,0,0,0,1979,1
2.3,3,1,0,0,1,1979,0
2.3,0,1,0,0,0,1979,0
2.3,0,1,0,0,1,1979,0
2.3,0,0,0,0,0,1979,0
2.3,0,0,0,0,0,1979,0
2.3,0,1,1,0,1,1979,0
2.3,0,0,0,0,1,1979,1
2.3,0,0,0,0,0,1979,0
2.3,0,1,1,0,1,1979,1
2.3,0,0,0,0,1,1979,0
2.3,0,1,1,0,0,1979,1
2.3,0,0,0,0,0,1979,0
2.3,0,1,0,0,0,1979,0
2.3,0,0,0,0,0,1979,0
2.3,0,0,0,0,0,1979,0
2.2,0,0,0,0,0,1979,0
2.3,0,1,1,0,0,1979,0
2.3,0,0,0,0,1,1979,0
2.3,0,1,0,0,1,1979,0
2.3,0,1,0,0,0,1979,0
2.3,1,1,0,0,0,1979,1
2.3,0,0,0,0,0,1979,0
2.3,0,1,0,0,0,1979,0
2.3,0,1,1,0,0,1979,0
2.3,1,0,0,0,0,1979,0
2.2,0,1,0,0,0,1979,0
2.3,0,0,0,0,1,1979,0
2.3,0,0,0,0,0,1979,1
2.3,0,1,1,0,0,1979,1
2.3,0,1,0,0,0,1979,0
2.3,3,0,0,0,0,1979,0
2.3,0,0,0,0,0,1979,0
2.3,0,1,0,0,1,1979,0
2.3,0,1,0,0,1,1979,0
2.3,0,0,0,0,0,1979,0
2.3,0,1,0,0,0,1979,1
2.3,0,0,0,0,0,1979,0
2.2,0,1,0,1,0,1980,0
1.79,3,1,0,0,0,1980,0
2.2,2,0,0,0,0,1980,0
2.2,0,0,0,0,0,1980,0
2.08,3,1,0,0,1,1980,0
2.2,0,0,0,0,0,1980,0
2.2,2,0,0,0,0,1980,0
2.2,0,1,0,0,0,1980,0
2.2,0,0,0,0,0,1980,0
2.2,0,1,0,0,0,1980,0
2.2,0,1,0,0,0,1980,0
2.2,5,0,0,0,1,1980,1
2.2,0,0,0,0,0,1980,0
2.2,0,0,0,0,0,1980,1
2.2,0,0,0,0,0,1980,0
2.2,0,1,0,0,0,1980,0
2.2,0,0,0,0,0,1980,1
2.2,0,0,0,0,0,1980,0
2.2,0,0,0,0,0,1980,0
2.2,0,1,1,0,0,1980,1
2.2,0,1,0,0,0,1980,0
2.2,0,0,0,1,0,1980,0
2.2,0,1,0,0,0,1980,1
2.2,0,1,0,0,0,1980,1
2.2,0,0,0,0,1,1980,0
2.2,2,0,0,0,0,1980,1
2.2,1,1,1,0,1,1980,0
2.2,0,0,0,0,0,1980,0
2.2,0,1,0,0,0,1980,0
2.2,0,1,0,0,1,1980,0
2.2,0,1,0,0,0,1980,0
2.2,0,0,0,0,0,1980,1
2.2,0,0,0,0,0,1980,0
2.2,0,0,0,0,1,1980,1
2.2,0,1,0,0,0,1980,1
2.2,0,0,0,0,0,1980,0
2.2,0,0,0,0,0,1980,0
2.2,0,1,1,0,0,1980,1
2.2,0,0,0,0,1,1980,0
2.2,0,1,0,0,0,1980,1
2.2,0,0,0,0,0,1980,0
2.2,0,0,0,0,0,1980,0
2.2,0,0,0,0,0,1980,0
2.2,1,0,0,0,0,1980,1
2.2,0,1,0,0,0,1980,0
1.79,3,1,0,0,0,1980,0
2.2,0,1,0,0,1,1980,0
2.2,0,1,0,0,0,1980,0
2.2,0,0,0,0,0,1980,0
2.08,0,0,0,0,0,1980,1
1.39,3,0,0,0,0,1980,0
2.2,0,1,0,0,0,1980,0
2.2,0,0,0,0,1,1980,0
2.08,0,0,1,0,1,1980,1
2.2,0,1,0,0,1,1980,0
2.2,0,1,0,0,0,1980,0
2.2,0,0,0,0,0,1980,0
2.2,0,1,0,0,0,1980,1
2.2,0,1,0,0,0,1980,0
2.2,0,0,0,1,1,1980,0
2.08,0,0,0,0,0,1980,0
2.08,0,0,0,0,0,1980,1
2.2,0,1,0,0,0,1980,1
2.2,0,1,0,0,1,1980,0
2.08,0,0,0,0,0,1980,0
2.2,0,1,0,0,1,1980,0
2.08,0,1,0,0,1,1980,0
2.2,0,1,0,0,1,1980,0
2.2,3,0,0,0,1,1980,1
2.2,0,1,1,0,0,1980,0
2.2,0,0,0,0,0,1980,1
2.2,0,1,0,0,1,1980,0
2.2,0,0,0,0,0,1980,1
2.2,0,0,0,0,0,1980,1
2.2,0,1,1,0,0,1980,1
2.2,0,0,0,0,0,1980,0
2.2,0,0,0,0,1,1980,0
2.2,0,0,0,0,0,1980,0
2.2,0,0,0,0,0,1980,0
2.2,0,0,0,0,1,1980,0
2.2,0,1,0,0,0,1980,0
2.2,0,1,0,0,1,1980,0
2.2,0,0,0,0,0,1980,0
2.2,5,1,0,0,0,1980,0
2.2,0,0,0,0,1,1980,0
2.2,0,1,0,0,0,1980,0
2.2,0,0,0,0,0,1980,0
2.2,0,0,0,0,1,1980,0
2.2,2,0,0,0,0,1980,0
2.2,0,1,0,0,0,1980,0
2.08,0,0,0,0,0,1980,0
2.2,2,1,0,0,0,1980,0
2.2,0,0,0,0,0,1980,0
2.2,0,0,0,0,0,1980,0
2.2,0,1,0,0,0,1980,0
2.2,0,0,0,0,0,1980,0
2.2,0,0,0,0,0,1980,1
2.08,0,0,0,0,0,1980,0
2.2,0,0,0,0,1,1980,0
2.2,0,0,0,0,1,1980,0
2.2,0,1,0,0,0,1980,0
2.2,0,1,1,0,0,1980,0
2.2,0,0,0,0,0,1980,0
2.2,0,1,1,0,0,1980,0
2.2,0,1,0,0,0,1980,0
2.2,0,1,0,0,0,1980,0
2.2,1,0,0,0,0,1980,0
2.2,0,0,0,0,0,1980,0
2.2,1,0,0,0,0,1980,0
2.2,0,1,0,0,0,1980,0
2.2,0,0,0,0,1,1980,0
2.2,0,0,0,0,0,1980,0
2.2,4,1,0,0,1,1980,0
2.2,0,1,1,0,0,1980,0
2.08,3,1,0,0,1,1980,0
2.2,3,1,0,0,0,1980,0
2.2,0,1,1,0,0,1980,0
2.2,0,1,0,0,1,1980,1
2.2,0,0,0,0,0,1980,0
2.2,0,0,0,0,1,1980,0
2.2,0,0,0,0,0,1980,1
2.2,0,1,0,0,1,1980,0
2.08,0,0,0,0,1,1980,0
2.2,0,0,0,0,0,1980,1
2.2,0,1,0,0,0,1980,1
2.2,0,1,1,0,0,1980,0
2.2,0,0,0,0,0,1980,1
2.08,0,0,0,0,0,1981,1
2.08,0,1,0,0,1,1981,0
2.08,0,0,0,0,0,1981,0
2.08,0,1,0,0,0,1981,1
2.08,0,1,0,0,1,1981,0
2.08,0,1,0,0,1,1981,0
2.08,0,1,0,0,1,1981,0
2.08,0,1,0,0,0,1981,0
2.08,0,1,1,0,1,1981,0
2.08,4,0,0,0,0,1981,0
2.08,0,1,1,0,0,1981,0
2.08,0,1,0,0,1,1981,0
2.08,0,0,0,0,0,1981,0
2.08,0,1,0,0,0,1981,0
2.08,0,0,0,0,0,1981,1
2.08,0,0,0,0,1,1981,0
2.08,0,1,0,0,1,1981,1
1.95,0,0,0,0,1,1981,0
2.08,0,0,0,0,0,1981,0
2.08,0,0,0,0,1,1981,0
2.08,2,0,0,0,0,1981,1
2.08,0,0,0,0,0,1981,1
2.08,0,1,0,0,1,1981,0
2.08,0,1,0,0,0,1981,0
2.08,0,0,0,0,0,1981,1
2.08,0,0,0,0,1,1981,0
2.08,0,0,0,0,0,1981,0
2.08,0,1,0,0,1,1981,0
2.08,0,0,0,0,1,1981,0
2.08,0,1,0,0,0,1981,0
2.08,0,0,0,0,0,1981,0
2.08,0,0,0,0,0,1981,0
1.95,0,1,0,0,0,1981,1
2.08,0,0,0,0,0,1981,0
2.08,1,0,0,0,0,1981,0
2.08,0,0,0,0,1,1981,0
2.08,0,1,0,0,0,1981,0
1.95,1,0,0,0,0,1981,1
2.08,0,0,0,0,1,1981,0
2.08,0,1,0,0,0,1981,1
1.95,0,1,0,0,0,1981,1
2.08,0,0,0,0,0,1981,0
2.08,0,0,0,0,1,1981,0
2.08,0,0,0,0,1,1981,0
2.08,0,1,0,0,0,1981,0
2.08,0,0,0,0,0,1981,0
2.08,0,1,0,0,1,1981,0
2.08,0,1,0,0,0,1981,0
1.95,0,0,0,0,0,1981,0
2.08,0,1,0,0,1,1981,0
2.08,0,1,0,0,0,1981,0
2.08,0,0,0,0,0,1981,1
2.08,0,0,0,0,0,1981,1
2.08,0,1,0,0,1,1981,0
2.08,0,1,0,0,0,1981,1
2.08,0,0,0,0,0,1981,1
2.08,0,0,0,0,0,1981,0
1.95,1,0,0,0,0,1981,1
2.08,0,0,0,0,0,1981,0
1.95,0,0,0,0,0,1981,0
2.08,0,1,0,0,0,1981,0
2.08,0,0,0,0,1,1981,0
2.08,0,1,0,0,0,1981,0
2.08,0,0,0,0,1,1981,0
2.08,0,1,0,0,0,1981,1
2.08,3,0,0,0,0,1981,0
2.08,1,0,0,0,0,1981,0
2.08,0,1,0,0,0,1981,0
2.08,0,0,0,0,0,1981,1
2.08,1,0,0,0,0,1981,0
2.08,0,1,0,0,0,1981,0
2.08,1,0,0,0,1,1981,0
2.08,7,1,0,0,1,1981,0
2.08,0,0,0,0,0,1981,0
2.08,1,0,0,0,0,1981,0
2.08,2,1,0,0,0,1981,0
2.08,0,0,0,0,0,1981,0
2.08,0,0,0,0,0,1981,1
2.08,0,0,0,0,0,1981,0
2.08,1,0,0,0,0,1981,0
2.08,0,1,1,0,0,1981,0
2.08,0,0,0,0,1,1981,0
2.08,0,1,0,0,1,1981,0
2.08,0,0,0,0,0,1981,1
2.08,0,1,0,0,0,1981,0
2.08,0,0,0,0,1,1981,0
1.95,0,1,0,0,0,1981,0
2.08,0,1,0,0,1,1981,0
2.08,0,0,0,0,1,1981,0
2.08,0,0,0,0,0,1981,0
2.08,0,1,1,0,0,1981,1
2.08,0,0,0,0,0,1981,0
2.08,0,0,0,0,0,1981,1
2.08,0,0,0,0,0,1981,0
2.08,0,1,0,0,0,1981,0
2.08,0,0,0,0,1,1981,1
2.08,0,1,0,0,0,1981,1
2.08,0,0,0,0,1,1981,0
2.08,0,0,0,0,0,1981,0
2.08,0,0,0,0,0,1981,0
2.08,0,0,0,0,0,1981,0
2.08,0,0,0,0,0,1981,0
2.08,0,0,0,0,0,1981,0
2.08,0,0,0,0,0,1981,0
2.08,0,0,0,0,0,1981,0
2.08,0,0,0,0,0,1981,0
2.08,0,0,0,0,0,1981,0
2.08,0,0,0,0,0,1981,1
2.08,0,1,0,0,1,1981,1
2.08,0,1,0,0,0,1981,0
2.08,0,1,1,0,1,1981,0
1.95,0,0,0,0,0,1982,0
1.95,6,0,0,0,0,1982,1
1.95,0,0,0,0,0,1982,1
1.95,0,0,0,0,0,1982,0
1.95,0,0,0,0,0,1982,0
1.95,0,1,0,0,0,1982,0
1.95,0,1,1,0,0,1982,0
1.95,0,1,1,0,0,1982,1
1.95,0,0,0,0,1,1982,1
1.95,0,1,0,0,0,1982,1
1.95,0,0,0,0,0,1982,0
1.95,0,0,0,0,0,1982,1
1.95,0,1,0,0,0,1982,0
1.95,0,0,0,0,1,1982,0
1.95,0,1,0,0,1,1982,0
1.79,0,1,1,0,0,1982,1
1.95,0,1,0,0,1,1982,0
1.95,0,1,0,0,0,1982,0
1.95,0,1,1,0,0,1982,1
1.95,0,0,0,0,0,1982,1
1.95,0,0,0,0,1,1982,1
1.95,0,1,0,0,1,1982,0
1.95,0,0,0,0,0,1982,0
1.95,0,0,0,0,0,1982,0
1.95,0,0,0,0,0,1982,0
1.39,3,1,0,0,0,1982,0
1.95,0,0,0,0,0,1982,0
1.95,0,1,0,0,0,1982,1
1.95,0,0,0,0,0,1982,1
1.95,0,1,1,0,0,1982,0
1.79,0,0,0,0,1,1982,0
1.95,2,1,0,0,1,1982,0
1.95,0,1,0,0,1,1982,0
1.79,0,0,0,0,1,1982,0
1.95,0,0,0,0,1,1982,1
1.95,0,0,0,0,1,1982,0
1.95,0,1,0,0,1,1982,0
1.95,0,1,0,0,0,1982,0
1.95,0,0,0,0,0,1982,1
1.95,0,1,1,0,0,1982,0
1.95,0,0,0,0,1,1982,1
1.95,0,1,0,0,0,1982,0
1.95,0,0,0,0,0,1982,0
1.95,0,1,0,0,0,1982,0
1.79,0,1,0,0,0,1982,0
1.95,0,1,0,0,0,1982,0
1.95,0,1,1,0,0,1982,0
1.95,0,1,1,0,0,1982,0
1.95,0,1,0,0,1,1982,0
1.95,0,1,1,0,0,1982,1
1.95,0,1,0,0,1,1982,0
1.95,0,0,0,0,1,1982,0
1.95,0,1,0,0,0,1982,1
1.95,0,1,0,0,0,1982,1
1.95,0,0,0,0,0,1982,0
1.95,0,1,1,0,1,1982,0
1.95,0,0,0,0,1,1982,0
1.79,0,0,0,0,0,1982,0
1.95,0,0,0,0,1,1982,0
1.95,0,1,0,0,0,1982,0
1.95,0,0,0,0,0,1982,0
1.95,0,1,0,0,0,1982,0
1.95,0,0,0,0,1,1982,0
1.95,0,0,0,0,0,1982,1
1.95,0,0,0,0,0,1982,1
1.39,2,1,0,0,0,1982,1
1.95,0,1,0,0,0,1982,0
1.95,0,0,0,0,1,1982,0
1.95,2,1,0,0,0,1982,0
1.95,0,0,1,0,1,1982,1
1.95,0,1,1,0,1,1982,0
1.95,0,1,1,0,0,1982,0
1.95,0,1,1,0,0,1982,0
1.95,0,1,0,0,0,1982,0
1.95,0,1,0,0,1,1982,0
1.95,0,1,0,0,0,1982,0
1.95,0,0,0,0,0,1982,0
1.95,0,1,0,0,0,1982,1
1.95,0,0,0,0,0,1982,0
1.95,0,0,0,0,0,1982,0
1.95,0,0,0,0,1,1982,0
1.95,0,1,0,0,0,1982,1
1.95,0,0,0,0,0,1982,1
1.95,1,0,0,0,1,1982,0
1.79,0,0,0,0,1,1982,0
1.95,0,1,0,0,0,1982,0
1.95,0,0,0,0,0,1982,1
1.95,0,0,0,0,1,1982,0
1.95,0,0,0,0,0,1982,1
1.95,0,0,0,0,1,1982,0
1.95,0,0,0,0,0,1982,1
1.95,2,1,0,0,0,1982,0
2.08,5,1,0,0,0,1982,0
1.95,0,1,0,0,0,1982,0
1.95,0,0,0,0,0,1982,0
1.95,0,1,0,0,0,1982,1
1.95,0,0,0,0,0,1982,0
1.95,0,1,0,0,0,1982,1
1.95,0,0,0,0,1,1982,0
1.95,6,0,0,0,0,1982,0
1.95,0,0,0,0,1,1982,0
1.95,0,0,0,1,0,1982,1
1.95,0,1,0,0,0,1982,0
1.95,0,1,0,0,0,1982,0
1.95,0,0,0,0,0,1982,0
1.95,0,0,0,0,1,1982,0
1.95,0,1,0,0,1,1982,0
1.95,0,1,0,0,1,1982,0
1.95,0,0,0,0,0,1982,1
1.95,0,0,0,0,1,1982,0
1.95,0,0,0,0,1,1982,0
1.95,0,1,0,0,0,1982,1
1.95,0,0,0,0,0,1982,0
1.95,0,1,1,0,0,1982,0
1.95,0,1,0,0,1,1982,1
1.95,0,1,0,0,0,1982,0
1.95,0,1,0,0,1,1982,0
1.95,0,1,0,0,1,1982,0
1.95,0,1,0,0,0,1982,1
1.95,0,0,0,0,0,1982,1
1.95,0,1,0,0,1,1982,1
1.95,0,0,0,0,0,1982,0
1.95,0,0,0,0,1,1982,0
1.95,0,1,0,0,1,1982,1
1.95,0,0,0,0,0,1982,1
1.95,0,0,0,0,1,1982,1
1.95,0,1,0,0,1,1982,0
1.95,0,0,0,0,1,1982,0
1.95,0,0,0,0,0,1982,0
1.95,0,0,0,0,1,1982,1
1.95,0,1,1,0,1,1982,0
1.95,0,0,0,0,0,1982,1
1.95,0,0,0,0,0,1982,0
1.95,0,0,0,0,0,1982,1
1.95,0,0,0,0,0,1982,0
1.95,0,1,0,0,1,1982,0
1.95,6,0,0,0,0,1982,1
1.79,0,1,0,0,0,1983,0
1.79,0,0,0,0,0,1983,1
1.79,0,0,0,0,1,1983,0
1.79,0,0,0,1,0,1983,1
1.79,0,1,0,0,1,1983,0
1.79,0,0,0,0,1,1983,0
1.61,0,0,0,0,1,1983,0
1.79,0,1,0,0,0,1983,0
1.79,0,1,0,0,1,1983,0
1.79,0,0,0,0,0,1983,0
1.79,0,0,0,0,0,1983,1
1.79,0,1,0,0,0,1983,0
1.79,0,1,0,0,1,1983,0
1.79,0,0,0,0,1,1983,1
1.79,0,0,0,0,1,1983,0
1.79,0,1,1,0,1,1983,0
1.79,0,0,0,0,1,1983,0
1.79,0,1,0,0,1,1983,0
1.79,0,0,0,0,0,1983,1
1.79,0,1,1,0,0,1983,0
1.79,0,1,0,0,1,1983,0
1.79,0,0,0,0,1,1983,0
1.79,0,1,0,0,0,1983,0
1.79,0,0,0,0,0,1983,1
1.79,0,0,0,0,1,1983,0
1.79,0,1,0,0,0,1983,0
1.79,0,1,0,0,1,1983,0
1.79,0,0,0,0,1,1983,0
1.79,0,0,0,0,1,1983,0
1.79,0,0,0,0,0,1983,0
1.79,0,0,0,0,0,1983,1
1.79,0,0,0,0,1,1983,0
1.79,0,1,0,0,0,1983,0
1.79,0,0,0,0,0,1983,0
1.79,0,0,0,0,0,1983,0
1.79,1,0,0,0,0,1983,0
1.61,3,1,0,0,0,1983,0
1.79,0,0,0,0,0,1983,0
1.79,0,1,1,0,0,1983,0
1.79,0,0,0,0,0,1983,0
1.79,0,1,0,0,1,1983,1
1.79,0,0,0,0,1,1983,0
1.79,0,1,0,0,0,1983,0
1.79,0,1,0,0,0,1983,1
1.79,0,1,1,0,0,1983,0
1.79,0,0,0,0,1,1983,0
1.79,0,1,0,0,0,1983,0
1.79,0,0,0,0,1,1983,0
1.79,0,0,0,0,1,1983,1
1.79,0,1,0,0,0,1983,0
1.79,0,0,0,0,0,1983,0
1.79,0,0,0,0,0,1983,0
1.79,0,1,0,0,0,1983,1
1.79,0,1,0,0,1,1983,0
1.79,0,1,0,0,0,1983,0
1.79,0,0,0,0,0,1983,0
1.79,0,0,0,0,0,1983,0
1.79,0,1,0,0,0,1983,1
1.79,0,1,1,0,0,1983,0
1.79,0,0,0,0,1,1983,0
1.79,0,1,0,0,0,1983,0
1.79,0,0,0,0,1,1983,0
1.79,0,0,0,0,1,1983,0
1.79,4,0,0,0,0,1983,0
1.79,0,0,0,0,0,1983,0
1.79,0,0,0,0,1,1983,0
1.79,0,0,0,0,0,1983,0
1.79,0,0,0,0,0,1983,0
1.79,0,1,0,0,0,1983,0
1.61,0,0,0,0,1,1983,1
1.61,2,1,0,0,0,1983,0
1.79,0,1,0,0,1,1983,0
1.79,0,0,0,0,1,1983,0
1.79,0,0,0,0,0,1983,0
1.79,0,0,0,0,0,1983,1
1.79,0,0,0,0,1,1983,0
1.79,0,0,0,0,1,1983,1
1.79,0,0,0,0,0,1983,0
1.79,0,0,0,0,0,1983,1
1.79,0,0,0,0,0,1983,0
1.79,0,1,0,0,0,1983,0
1.79,0,1,0,0,0,1983,1
1.79,0,1,0,0,1,1983,0
1.79,0,1,0,0,0,1983,0
1.79,0,1,0,0,0,1983,0
1.61,3,1,0,0,0,1983,0
1.79,0,0,0,0,0,1983,0
1.79,0,1,0,0,0,1983,0
1.79,0,1,0,0,1,1983,1
1.79,0,1,0,0,1,1983,0
1.79,0,0,0,0,1,1983,1
1.79,0,0,0,1,0,1983,1
1.61,2,1,0,0,0,1983,0
1.79,0,0,0,0,0,1983,0
1.79,0,0,0,0,0,1983,0
1.79,0,0,0,0,0,1983,0
1.79,0,1,0,0,0,1983,0
1.79,0,0,0,0,0,1983,0
1.79,0,0,1,0,0,1983,0
1.79,0,0,0,0,0,1983,0
1.79,0,0,0,0,0,1983,0
1.79,0,0,0,0,0,1983,1
1.79,0,0,0,0,0,1983,1
1.79,0,1,0,0,0,1983,0
1.79,0,1,1,0,1,1983,0
1.79,0,0,0,0,1,1983,1
1.79,0,1,0,0,1,1983,0
1.79,0,1,0,0,1,1983,0
1.79,0,0,0,0,0,1983,1
1.79,6,1,0,0,0,1983,0
1.79,0,1,0,0,1,1983,0
1.79,0,1,0,0,1,1983,1
1.79,0,0,0,0,0,1983,1
1.79,0,0,0,0,0,1983,0
1.79,0,0,0,0,0,1983,0
1.79,0,0,0,0,0,1983,0
1.79,0,1,1,0,0,1983,0
1.79,0,0,0,0,0,1983,1
1.79,0,1,0,0,1,1983,0
1.79,0,1,0,0,1,1983,0
1.79,0,0,0,0,1,1983,0
1.79,0,1,0,0,1,1983,0
1.79,0,1,0,0,1,1983,0
1.79,0,0,0,0,0,1983,0
1.79,0,1,0,0,0,1983,0
1.79,0,1,1,0,1,1983,0
1.79,0,1,1,0,0,1983,0
1.79,0,0,0,0,0,1983,0
1.79,0,0,1,0,0,1983,0
1.79,0,1,1,0,0,1983,0
1.79,0,0,0,0,1,1983,0
1.79,0,0,0,0,0,1983,0
1.79,0,0,0,0,1,1983,0
1.79,0,0,0,0,0,1983,1
1.79,0,1,0,0,0,1983,0
1.79,5,0,0,0,1,1983,0
1.79,0,0,0,0,1,1983,0
1.61,0,1,0,0,1,1984,0
1.61,0,0,0,0,1,1984,0
1.61,0,1,0,0,0,1984,0
1.61,0,0,0,0,0,1984,0
1.61,0,0,0,0,0,1984,0
1.61,0,0,0,0,1,1984,0
1.61,0,1,0,0,0,1984,0
1.61,0,1,0,0,1,1984,0
1.61,0,0,0,0,0,1984,0
1.39,0,0,0,0,1,1984,0
1.61,0,1,0,0,1,1984,0
1.61,0,0,0,0,1,1984,0
1.61,0,0,0,0,1,1984,0
1.61,0,0,0,0,0,1984,0
1.61,0,0,0,0,0,1984,0
1.61,0,1,0,0,0,1984,0
1.61,0,0,0,0,0,1984,0
1.61,0,0,0,0,0,1984,0
1.61,0,0,0,0,0,1984,1
1.61,0,0,0,0,1,1984,0
1.61,0,0,0,0,0,1984,1
1.61,0,0,0,0,0,1984,0
1.61,0,1,0,0,1,1984,0
1.61,0,1,0,0,1,1984,0
1.61,0,0,0,0,0,1984,0
1.61,0,0,0,0,0,1984,0
1.61,3,1,0,0,1,1984,0
1.39,0,0,0,0,1,1984,0
1.61,0,1,0,0,1,1984,0
1.61,5,1,0,0,0,1984,0
1.61,0,0,0,0,1,1984,0
1.39,0,0,0,0,1,1984,1
1.61,0,0,0,0,0,1984,0
1.61,0,1,0,0,0,1984,0
1.61,0,1,0,0,0,1984,0
1.61,0,1,0,0,0,1984,0
1.61,0,0,0,0,1,1984,0
1.61,0,0,0,0,0,1984,0
1.61,0,0,0,0,0,1984,0
1.61,0,1,0,0,0,1984,1
1.61,0,0,0,0,1,1984,1
1.61,0,0,0,0,0,1984,1
1.61,0,0,0,0,0,1984,0
1.61,0,0,0,0,0,1984,0
1.79,5,1,0,0,1,1984,0
1.79,5,0,0,0,0,1984,0
1.61,0,0,0,0,1,1984,0
1.61,0,0,0,0,0,1984,1
1.61,0,1,0,0,1,1984,1
1.61,0,1,0,0,0,1984,0
1.61,0,0,0,0,1,1984,0
1.61,0,1,0,0,0,1984,0
1.61,0,1,0,0,0,1984,0
1.61,0,0,0,0,0,1984,1
1.61,0,0,0,0,0,1984,0
1.61,0,0,0,0,0,1984,0
1.61,0,1,0,0,1,1984,1
1.61,0,1,0,0,0,1984,0
1.61,0,0,0,0,1,1984,0
1.61,0,1,0,0,1,1984,0
1.61,0,0,0,0,0,1984,0
1.61,0,0,0,0,0,1984,0
1.61,0,1,0,0,1,1984,0
1.61,0,0,0,0,0,1984,0
1.61,0,0,0,0,1,1984,0
1.61,0,0,0,0,0,1984,1
1.61,0,0,0,0,0,1984,1
1.61,0,0,0,0,0,1984,0
1.61,0,1,0,0,0,1984,0
1.61,0,1,0,0,0,1984,1
1.61,0,1,0,0,1,1984,1
1.61,0,0,0,0,0,1984,0
1.61,0,0,0,0,1,1984,0
1.61,0,0,0,0,1,1984,0
1.61,0,0,0,0,1,1984,1
1.61,0,1,0,0,0,1984,1
1.61,0,0,0,1,1,1984,1
1.61,0,1,0,0,0,1984,0
1.61,0,0,0,0,0,1984,0
1.61,0,1,0,0,1,1984,0
1.61,0,0,0,0,0,1984,0
1.61,1,0,0,0,1,1984,0
1.61,0,0,0,0,0,1984,0
1.61,0,1,0,0,0,1984,0
1.61,0,1,0,0,1,1984,0
1.61,2,0,0,0,1,1984,0
1.61,0,0,0,0,1,1984,0
1.61,0,0,0,1,0,1984,0
1.61,0,0,0,0,0,1984,0
1.61,0,0,0,0,0,1984,0
0.69,2,0,0,0,0,1984,0
1.61,0,0,0,0,0,1984,0
1.61,0,1,0,0,1,1984,1
1.61,0,0,0,0,1,1984,0
1.61,0,0,0,0,0,1984,1
1.61,0,0,0,0,0,1984,1
1.61,0,0,0,0,0,1984,0
1.61,0,1,0,0,1,1984,1
1.61,0,1,0,0,1,1984,0
1.61,0,0,0,0,1,1984,0
1.61,0,0,0,0,1,1984,0
1.61,0,1,0,0,0,1984,0
1.61,0,0,0,0,1,1984,0
1.61,0,0,0,0,0,1984,0
1.61,1,0,0,0,1,1984,0
1.61,0,0,0,0,1,1984,0
1.61,0,0,0,0,0,1984,0
1.61,0,1,0,0,1,1984,0
1.61,0,0,0,0,1,1984,0
1.61,0,0,0,0,0,1984,0
1.61,0,1,0,0,0,1984,1
1.61,0,0,0,0,0,1984,0
1.61,0,1,1,0,0,1984,1
1.39,0,0,0,0,0,1984,0
1.61,0,0,0,0,0,1984,0
1.61,0,0,0,0,0,1984,1
1.61,0,1,0,0,1,1984,0
1.61,0,0,0,0,1,1984,0
1.61,0,0,0,0,0,1984,0
1.61,0,1,1,0,0,1984,0
1.61,0,0,0,0,0,1984,1
1.61,0,1,0,0,1,1984,0
1.39,0,1,0,0,1,1984,0
1.61,0,0,0,0,0,1984,0
1.61,0,0,0,0,1,1984,1
1.61,0,0,0,0,0,1984,0
1.61,0,0,0,0,0,1984,1
1.61,10,1,0,0,0,1984,0
1.61,0,0,0,0,1,1984,1
0.69,2,0,0,0,0,1984,0
1.61,0,0,0,0,0,1984,0
1.61,4,1,0,0,1,1984,0
1.61,0,1,0,0,1,1984,1
1.61,0,0,0,0,1,1984,0
1.61,0,1,0,0,1,1984,1
1.61,0,0,0,0,0,1984,1
1.61,0,0,0,0,0,1984,0
1.39,1,0,0,0,1,1984,0
1.61,0,0,0,0,1,1984,0
1.61,0,0,0,0,0,1984,1
1.61,0,0,0,0,1,1984,0
1.39,0,1,1,0,0,1985,1
1.1,0,0,0,0,1,1985,0
1.39,0,1,0,0,0,1985,0
1.39,0,0,0,0,0,1985,0
1.39,0,0,0,0,0,1985,0
1.39,0,0,0,0,0,1985,0
1.39,0,0,0,0,0,1985,0
1.39,0,0,0,0,1,1985,1
1.39,0,0,0,0,1,1985,1
1.39,0,1,0,0,1,1985,0
1.1,0,0,0,0,0,1985,0
1.39,0,1,0,1,0,1985,0
1.39,0,0,0,0,0,1985,0
1.39,0,0,0,0,0,1985,1
1.39,0,0,0,0,0,1985,0
1.39,0,1,0,0,0,1985,1
1.39,0,0,0,0,0,1985,1
1.39,0,0,0,0,0,1985,0
1.39,0,1,0,0,0,1985,0
1.39,0,1,0,0,0,1985,0
1.39,0,0,0,1,1,1985,0
1.39,0,0,0,0,0,1985,0
1.39,0,0,0,0,1,1985,0
1.39,0,1,0,0,1,1985,0
1.1,0,1,0,0,0,1985,1
1.39,0,1,0,0,0,1985,0
1.39,0,1,0,0,1,1985,1
1.39,0,1,0,0,1,1985,1
1.39,0,0,0,0,1,1985,0
1.39,0,0,0,0,0,1985,1
1.39,0,0,0,0,0,1985,0
1.1,0,1,0,0,0,1985,0
1.39,0,0,0,0,1,1985,0
1.39,0,1,0,0,0,1985,1
1.39,0,0,0,0,1,1985,0
1.39,0,1,1,0,0,1985,1
1.39,0,1,0,0,1,1985,0
1.39,0,1,0,0,1,1985,0
1.39,0,1,1,0,0,1985,0
1.39,0,0,0,0,1,1985,0
1.39,0,1,1,0,0,1985,1
1.1,0,0,0,0,1,1985,0
1.39,0,0,0,0,0,1985,0
1.39,0,0,0,0,0,1985,0
1.1,0,0,0,0,1,1985,0
1.39,0,1,1,0,0,1985,0
1.1,0,0,0,0,0,1985,0
1.39,0,0,0,0,1,1985,0
1.39,0,0,0,0,1,1985,0
1.39,0,0,0,0,0,1985,0
1.39,0,0,0,0,0,1985,0
1.39,0,0,0,0,0,1985,0
1.39,0,1,0,0,0,1985,0
1.39,0,0,0,0,0,1985,0
1.1,0,1,0,0,1,1985,0
1.39,0,0,0,0,0,1985,1
1.39,0,0,0,0,0,1985,0
1.39,0,0,0,0,1,1985,0
1.39,0,1,0,0,0,1985,0
1.39,0,0,0,0,0,1985,0
1.39,0,0,0,0,1,1985,1
1.39,0,0,0,0,1,1985,0
1.39,0,1,1,0,1,1985,0
1.39,0,1,0,0,0,1985,1
1.39,0,1,0,0,1,1985,0
1.39,0,0,0,0,0,1985,0
1.39,0,0,0,0,0,1985,0
1.39,0,1,1,0,0,1985,0
1.39,0,1,0,0,1,1985,1
1.39,0,0,0,0,0,1985,0
1.39,0,1,0,0,0,1985,1
1.39,0,1,0,0,0,1985,0
1.39,0,1,0,0,0,1985,0
1.39,0,1,0,0,0,1985,1
1.39,0,1,0,0,0,1985,1
1.39,0,0,0,0,0,1985,0
1.39,0,1,1,0,0,1985,0
1.39,0,1,0,0,1,1985,1
1.39,0,0,0,0,0,1985,1
1.39,0,1,0,0,0,1985,0
1.39,0,1,0,1,0,1985,0
1.39,0,0,0,0,1,1985,0
1.39,0,1,1,0,0,1985,1
1.39,0,1,0,0,1,1985,0
1.39,0,1,0,0,1,1985,0
1.39,0,1,0,0,1,1985,1
1.39,0,0,0,0,0,1985,0
1.39,0,0,0,0,1,1985,1
1.39,0,0,0,0,0,1985,1
1.39,7,0,0,0,0,1985,1
1.39,0,0,0,0,0,1985,0
1.39,0,0,0,0,0,1985,0
1.39,0,1,0,0,0,1985,1
1.39,0,0,0,0,0,1985,1
1.39,0,0,0,0,0,1985,1
1.39,0,1,0,0,1,1985,0
1.39,0,1,0,0,1,1985,1
1.39,0,0,0,0,0,1985,0
1.39,0,0,0,0,0,1985,0
1.39,0,0,0,0,0,1985,0
1.39,0,0,0,0,1,1985,1
1.39,0,0,0,0,1,1985,0
1.39,0,1,0,0,0,1985,0
1.39,0,0,0,0,0,1985,0
1.39,0,1,0,0,0,1985,0
1.39,0,1,0,0,1,1985,0
1.39,0,0,0,0,1,1985,1
1.39,0,0,0,0,0,1985,1
1.1,0,0,0,0,0,1985,0
1.39,0,0,0,0,0,1985,0
1.39,0,0,0,0,1,1985,0
1.39,0,0,0,0,0,1985,0
1.39,0,0,0,0,0,1985,0
1.39,0,1,0,0,0,1985,0
1.39,0,0,0,0,0,1985,0
1.39,0,1,0,0,0,1985,0
1.39,0,0,0,0,0,1985,1
1.39,0,1,1,0,0,1985,0
1.39,0,1,0,0,0,1985,0
1.39,0,1,0,0,1,1985,1
1.39,0,0,0,0,1,1985,0
1.39,0,1,0,0,1,1985,0
1.39,0,1,0,0,0,1985,1
1.39,0,1,0,0,1,1985,0
1.39,0,0,0,0,0,1985,0
1.1,0,1,0,0,0,1985,1
1.39,0,0,0,0,0,1985,0
1.39,0,0,0,0,0,1985,1
1.1,0,0,0,0,0,1985,1
1.39,0,0,0,0,1,1985,0
1.39,0,0,0,0,0,1985,0
1.39,5,0,0,0,1,1985,1
1.39,0,0,0,0,1,1985,0
1.39,0,0,0,0,1,1985,0
1.1,0,0,0,0,1,1985,1
1.39,0,1,0,0,0,1985,0
1.39,0,1,0,0,1,1985,1
1.39,0,1,0,0,1,1985,0
1.39,0,0,0,0,0,1985,0
1.1,0,0,0,0,1,1986,0
1.1,0,1,0,0,1,1986,0
1.1,0,1,0,0,1,1986,0
1.1,0,1,0,0,0,1986,0
1.1,0,0,0,0,0,1986,1
1.1,0,1,0,0,1,1986,1
1.1,0,1,0,0,1,1986,0
1.1,0,0,0,0,0,1986,0
1.1,0,1,0,0,1,1986,0
1.1,0,0,0,0,0,1986,0
1.1,0,1,0,0,1,1986,0
1.1,0,0,0,0,0,1986,1
1.1,0,1,0,0,1,1986,0
1.1,0,1,0,0,0,1986,0
1.1,0,1,0,0,0,1986,1
1.1,0,0,0,0,0,1986,1
1.1,0,0,0,0,0,1986,1
1.1,0,0,0,0,0,1986,1
0.69,0,0,0,0,0,1986,0
1.1,0,0,0,0,0,1986,1
1.1,0,0,0,0,0,1986,1
1.1,0,0,0,0,0,1986,1
1.1,0,0,0,0,0,1986,1
1.1,0,1,0,0,0,1986,1
1.1,0,1,0,0,0,1986,0
0.69,0,1,0,0,0,1986,0
1.1,0,0,0,0,1,1986,0
1.1,0,1,0,0,0,1986,0
1.1,0,1,0,0,1,1986,1
1.1,0,0,0,0,0,1986,1
1.1,0,1,0,0,1,1986,0
0.69,0,0,0,0,0,1986,0
1.1,0,1,0,0,1,1986,0
1.1,0,1,0,0,0,1986,0
1.1,0,0,0,0,0,1986,0
1.1,0,0,0,0,1,1986,0
1.1,0,1,0,0,1,1986,0
1.1,0,0,0,0,0,1986,1
1.1,0,0,0,0,1,1986,0
1.1,0,0,0,0,0,1986,1
1.1,0,0,0,0,0,1986,0
1.1,0,1,0,0,0,1986,1
1.1,0,0,0,0,0,1986,1
1.1,0,0,0,0,0,1986,0
1.1,0,0,0,0,1,1986,0
1.1,0,1,0,0,1,1986,0
1.1,0,0,0,0,0,1986,1
1.1,0,1,1,0,0,1986,0
1.1,0,0,0,0,1,1986,0
1.1,0,0,0,0,0,1986,0
1.1,0,0,0,0,1,1986,1
0.69,0,0,0,0,0,1986,0
1.1,0,1,0,0,0,1986,0
1.1,0,1,0,0,1,1986,0
1.1,0,0,0,0,0,1986,0
1.1,0,0,0,0,0,1986,0
1.1,0,0,0,0,1,1986,0
1.1,0,1,0,0,0,1986,0
1.1,0,1,0,0,0,1986,0
1.1,0,0,0,0,1,1986,1
1.1,0,0,0,0,0,1986,1
0.69,0,0,0,0,0,1986,1
1.1,0,0,0,0,0,1986,1
1.1,0,1,0,0,0,1986,1
1.1,0,1,0,0,0,1986,1
1.1,0,1,0,0,0,1986,0
1.1,0,1,0,0,0,1986,1
1.1,0,0,0,0,0,1986,1
1.1,0,0,0,0,0,1986,0
0.69,2,0,0,0,0,1986,0
1.1,0,0,0,0,0,1986,1
1.1,0,0,0,0,0,1986,0
1.1,0,0,0,0,0,1986,0
1.1,0,0,0,0,0,1986,1
1.1,0,0,0,0,1,1986,0
1.1,0,1,0,0,0,1986,1
1.1,0,1,0,0,1,1986,1
1.1,0,0,0,0,0,1986,0
1.1,0,0,0,0,0,1986,0
1.1,0,0,0,0,1,1986,0
1.1,0,0,0,0,1,1986,0
1.1,0,0,0,0,0,1986,0
1.1,0,0,0,0,0,1986,0
1.1,2,0,0,0,0,1986,1
1.1,0,0,0,0,0,1986,0
1.1,0,0,0,0,0,1986,0
1.1,0,1,0,0,1,1986,0
1.1,0,1,0,0,0,1986,0
1.1,2,0,0,0,0,1986,1
0.69,0,0,0,0,0,1986,0
1.1,0,1,0,1,0,1986,0
1.1,0,0,0,0,0,1986,1
1.1,0,0,0,0,0,1986,0
1.1,0,1,1,0,0,1986,0
1.1,0,0,0,0,1,1986,0
1.1,0,1,0,0,0,1986,0
1.1,0,1,0,0,0,1986,1
1.1,0,0,0,0,1,1986,0
1.1,2,0,0,0,0,1986,0
1.1,0,0,0,0,0,1986,1
1.1,0,0,0,0,1,1986,0
1.1,0,1,0,0,1,1986,0
1.1,0,0,0,0,0,1986,0
1.1,0,1,1,0,0,1986,0
1.1,0,0,0,0,0,1986,0
1.1,0,0,0,0,0,1986,0
1.1,0,1,0,0,0,1986,0
1.1,2,0,0,0,0,1986,1
1.1,0,0,0,0,0,1986,0
1.1,0,1,0,0,1,1986,0
1.1,0,1,0,0,0,1986,0
1.1,0,0,0,0,0,1986,0
1.1,0,0,0,0,1,1986,1
1.1,0,0,0,0,0,1986,0
1.1,0,0,0,0,0,1986,1
1.1,0,0,0,0,0,1986,1
1.1,0,0,0,0,1,1986,0
1.1,0,0,0,1,0,1986,0
1.1,0,0,0,0,0,1986,1
1.1,0,1,0,0,1,1986,0
1.1,0,1,0,0,0,1986,1
1.1,0,0,0,1,1,1986,1
1.1,0,0,0,0,0,1986,1
1.1,0,0,0,0,0,1986,0
1.1,0,0,0,0,0,1986,0
1.1,0,0,0,0,0,1986,1
1.1,0,1,0,0,1,1986,1
1.1,0,1,0,0,1,1986,0
1.1,0,1,0,0,0,1986,0
0.69,0,0,0,0,0,1987,0
0,0,0,0,0,0,1987,0
0.69,0,1,0,0,0,1987,0
0.69,0,1,0,0,0,1987,1
0.69,0,0,0,0,0,1987,0
1.1,1,0,0,0,1,1987,1
0.69,0,1,0,0,1,1987,0
0.69,0,0,0,0,0,1987,0
0.69,0,0,0,0,0,1987,0
0.69,0,1,0,1,0,1987,0
0.69,0,0,0,0,0,1987,0
0.69,0,0,0,1,0,1987,0
0.69,0,0,0,0,0,1987,0
0.69,0,0,0,0,0,1987,0
0.69,0,1,0,0,1,1987,0
0.69,0,1,0,0,0,1987,0
0.69,0,1,0,0,0,1987,0
0.69,0,1,0,0,1,1987,0
0.69,0,0,0,0,1,1987,0
0.69,0,0,0,0,0,1987,1
0.69,0,1,0,0,1,1987,0
0.69,0,0,0,0,0,1987,1
0.69,0,0,0,0,0,1987,1
0.69,0,0,0,1,1,1987,0
0.69,0,0,0,0,0,1987,1
0,0,0,0,0,1,1987,1
0.69,0,0,0,0,0,1987,1
0.69,0,1,0,0,0,1987,0
0,0,0,0,0,1,1987,0
0.69,0,0,0,0,0,1987,0
0.69,0,0,0,0,0,1987,1
0.69,0,0,0,0,0,1987,0
0,0,1,0,0,1,1987,1
0.69,0,1,0,0,0,1987,0
0.69,0,0,0,0,0,1987,0
0.69,0,1,0,0,0,1987,0
0.69,0,1,0,0,0,1987,0
0.69,0,0,0,0,1,1987,0
0.69,0,0,0,0,0,1987,0
0.69,0,1,0,0,0,1987,0
0.69,0,1,0,0,0,1987,0
0.69,0,0,0,0,1,1987,0
0.69,0,1,0,0,0,1987,0
0.69,0,0,0,0,1,1987,1
0.69,0,0,0,1,0,1987,1
0.69,0,0,0,0,0,1987,1
0.69,0,0,0,0,0,1987,0
0.69,0,1,0,0,0,1987,0
0.69,1,1,0,0,1,1987,0
0.69,0,1,0,0,0,1987,1
0.69,0,1,0,0,1,1987,0
0.69,0,1,0,0,1,1987,1
0.69,0,1,1,0,0,1987,1
0,0,0,0,0,1,1987,0
0.69,0,0,0,0,1,1987,0
0.69,0,1,0,0,0,1987,0
0.69,0,0,0,0,0,1987,1
0.69,0,1,0,0,1,1987,1
0.69,0,1,0,0,1,1987,0
0.69,0,1,0,0,0,1987,1
0.69,0,0,0,0,0,1987,1
0.69,0,0,0,0,0,1987,0
0.69,0,0,0,0,1,1987,0
0.69,0,1,0,0,0,1987,0
0.69,0,1,0,1,0,1987,0
0.69,0,1,1,0,1,1987,0
0.69,0,1,0,0,0,1987,0
0.69,0,1,1,0,0,1987,1
0.69,0,0,0,0,0,1987,0
0.69,0,0,0,0,0,1987,1
0.69,0,0,0,0,0,1987,1
0.69,0,0,0,0,1,1987,0
0.69,0,1,0,0,0,1987,1
0,0,0,0,0,0,1987,1
0,0,0,0,0,1,1987,0
0.69,0,1,0,0,1,1987,0
0.69,0,1,0,0,1,1987,0
0.69,0,1,1,0,0,1987,0
0.69,0,0,0,0,0,1987,0
0.69,0,0,0,0,0,1987,0
0.69,0,0,0,0,0,1987,1
0.69,0,0,0,0,0,1987,0
0.69,0,0,0,0,1,1987,1
0.69,0,0,0,0,0,1987,0
0.69,0,1,0,0,1,1987,0
0,0,0,0,0,1,1987,0
0.69,0,0,0,0,0,1987,0
0.69,0,1,0,0,1,1987,1
0.69,0,0,0,0,1,1987,0
0.69,0,0,0,0,0,1987,0
0.69,0,1,0,0,1,1987,0
0.69,0,1,0,0,0,1987,0
0.69,0,1,0,0,1,1987,0
0.69,0,0,0,0,0,1987,0
0.69,0,1,0,0,0,1987,0
0.69,0,0,0,0,1,1987,0
0.69,0,1,0,0,1,1987,0
0.69,0,0,0,0,0,1987,1
0.69,0,0,0,0,0,1987,0
0,0,0,0,0,1,1987,1
0.69,1,1,0,0,1,1987,0
0.69,0,1,0,0,0,1987,0
0.69,1,0,0,0,0,1987,1
0.69,0,0,0,0,0,1987,0
0.69,0,0,0,0,0,1987,1
0.69,0,1,0,0,1,1987,0
0.69,0,0,0,0,0,1987,0
0.69,0,1,0,0,1,1987,1
0.69,0,1,0,0,0,1987,0
0.69,0,1,0,0,0,1987,0
0.69,0,0,0,0,0,1987,1
0.69,0,0,0,0,0,1987,0
0.69,0,0,0,0,0,1987,0
0.69,0,1,0,0,0,1987,0
0.69,0,0,0,0,1,1987,0
0.69,0,0,0,0,0,1987,0
0,0,0,0,0,1,1987,0
0.69,0,0,0,0,0,1987,0
0.69,0,1,0,0,0,1987,1
0.69,0,0,0,0,0,1987,0
0.69,0,1,0,0,1,1987,0
0.69,0,0,0,0,0,1987,0
0.69,0,1,0,0,1,1987,0
0.69,0,1,0,0,1,1987,0
0.69,0,0,0,0,1,1987,0
0.69,1,0,0,0,0,1987,0
0.69,0,0,0,0,0,1987,0
0.69,0,0,0,0,0,1987,0
0.69,0,0,0,0,1,1987,1
0.69,0,0,0,0,0,1987,1
0.69,0,0,0,0,0,1987,1
0.69,0,1,0,0,1,1987,0
0,0,1,0,0,0,1987,1
0.69,0,1,0,0,0,1987,0
0.69,0,1,0,0,0,1987,1
0.69,0,1,0,0,0,1987,1
0,0,0,0,0,1,1988,0
0,0,0,0,0,0,1988,0
0,0,1,0,0,0,1988,0
0,0,0,0,0,1,1988,0
0,0,1,0,0,1,1988,1
0,0,1,0,0,1,1988,0
0,0,1,0,0,0,1988,0
0,0,1,0,0,0,1988,0
0,0,1,1,0,1,1988,0
0,0,1,0,0,1,1988,1
0,0,0,0,0,0,1988,0
0,0,0,0,0,0,1988,0
0,0,0,0,0,0,1988,0
0,0,0,0,0,0,1988,0
0,0,1,0,0,1,1988,1
0,0,1,1,0,0,1988,0
0,0,0,0,0,0,1988,0
0,0,0,0,0,1,1988,1
0,0,0,0,0,0,1988,0
0,0,0,0,0,0,1988,1
0,0,0,0,0,1,1988,0
0,0,0,0,0,0,1988,1
0,0,1,1,0,1,1988,0
0,0,1,0,0,0,1988,0
0,0,0,0,0,0,1988,1
0,0,1,0,0,0,1988,0
0,0,1,0,0,1,1988,0
0,0,1,0,0,1,1988,0
0,0,1,0,0,0,1988,0
0,0,1,0,0,0,1988,1
0,0,0,0,0,0,1988,0
0,0,0,0,0,0,1988,0
0,0,0,0,0,0,1988,0
0,0,1,0,0,1,1988,1
0,0,0,0,0,0,1988,1
0,0,0,0,0,0,1988,0
0,0,0,0,0,0,1988,0
0,0,0,0,0,1,1988,0
0,0,0,0,0,1,1988,0
0,0,1,0,0,0,1988,1
0,0,0,0,0,0,1988,1
0,0,1,0,0,0,1988,0
0,0,0,0,1,1,1988,1
0,0,0,0,0,0,1988,1
0,0,0,0,0,0,1988,0
0,0,0,0,0,0,1988,1
0,0,0,0,0,0,1988,0
0,0,0,0,0,0,1988,1
0,0,1,1,0,0,1988,1
0,0,1,0,0,0,1988,1
0,0,1,0,0,1,1988,0
0,0,0,0,0,0,1988,1
0,0,1,0,0,1,1988,0
0,0,1,1,0,0,1988,0
0,0,0,0,0,0,1988,0
0,0,1,0,0,0,1988,0
0,0,1,0,0,0,1988,0
0,0,0,0,0,1,1988,0
0,0,1,0,0,0,1988,1
0,0,0,0,0,1,1988,1
0,0,0,0,0,1,1988,1
0,0,1,0,0,1,1988,1
0,0,0,0,0,0,1988,1
0,1,1,0,0,1,1988,1
0,0,1,0,0,0,1988,0
0,0,1,1,0,1,1988,1
0,0,1,0,0,0,1988,0
0.69,1,1,0,0,0,1988,0
0,0,0,0,0,0,1988,1
0,0,1,0,0,1,1988,0
0,0,1,0,0,1,1988,0
0,0,0,0,0,1,1988,0
0,0,1,0,0,1,1988,0
0,0,0,0,0,0,1988,0
0,0,1,0,0,0,1988,0
0,0,0,0,0,1,1988,0
0,0,0,0,0,1,1988,1
0,0,0,0,0,1,1988,0
0,0,0,0,0,0,1988,0
0,0,0,0,0,0,1988,1
0,0,1,0,0,1,1988,0
0,0,1,0,0,0,1988,0
0,0,0,0,0,1,1988,0
0,0,1,1,0,0,1988,0
0,0,0,0,0,1,1988,0
0,0,1,0,0,1,1988,1
0,0,0,0,0,0,1988,0
0,0,1,0,0,0,1988,0
0,0,1,0,0,0,1988,0
0,0,0,0,0,0,1988,0
0,0,1,0,0,0,1988,1
0,0,1,0,0,0,1988,0
0,0,1,0,0,1,1988,0
0,0,0,0,0,0,1988,0
0,0,0,0,0,0,1988,1
0,0,1,0,0,0,1988,0
0,0,0,0,0,0,1988,0
0.69,1,1,0,0,0,1988,0
0,0,1,0,0,0,1988,0
0,0,1,0,0,0,1988,0
0,0,1,0,0,1,1988,1
0,0,0,0,0,0,1988,0
0,0,0,0,0,0,1988,0
0,0,0,0,0,0,1988,0
0,0,0,0,0,0,1988,1
0,0,0,0,0,0,1988,1
0,0,1,0,0,0,1988,1
0,0,0,0,0,0,1988,1
0,0,1,0,0,0,1988,0
0,0,1,0,0,1,1988,1
0,0,1,0,0,1,1988,1
0,0,1,1,0,0,1988,1
0,0,1,0,0,1,1988,1
0,0,1,0,0,1,1988,1
0,0,1,0,0,0,1988,0
0,0,0,0,0,0,1988,0
0,0,0,0,0,0,1988,0
0,0,0,0,0,0,1988,1
0,0,1,0,0,1,1988,0
0,0,0,0,0,0,1988,0
0,0,0,0,0,1,1988,0
0,0,0,0,0,0,1988,1
0,0,1,1,0,0,1988,0
0,0,1,0,0,0,1988,1
0,0,0,0,0,0,1988,0
0,0,1,0,0,0,1988,1
