REGRESSION,Column 2,Column 3,Column 4
6.7,33,-52.26,28.3
5.8,36,45.53,150.93
5.8,57,41.85,142.78
6.2,67,29.19,141.15
6,30,-21.66,169.81
6.2,0,23.09,120.58
6.1,139,-20.7,169.92
6,60,22.33,93.58
6,50,-13.64,165.96
6,119,-16.31,-71.66
6.3,197,36.48,70.95
6.1,13,55.72,-155.95
5.9,26,55.75,-155.88
6,58,-5.14,151.77
6,33,-44.6,37.34
5.8,0,-44.2,167.96
6.2,27,36.23,-7.61
5.9,50,36.95,95.5
5.8,46,14.42,56.36
5.8,373,-6.44,127.96
6.1,44,59.79,-149.3
5.8,33,57.2,-153
6.1,4,58.26,-151.25
6,17,58.83,-149.29
6.1,23,56.42,-152.01
6,26,57.17,-152.45
5.9,32,60.05,-148.39
6.1,160,0.4,122.11
6.1,25,56.45,-153.94
6,12,60.36,-146.61
6,10,60.51,-146.7
6.2,35,59.79,-148.67
5.8,22,56.65,-152.82
5.8,51,3.91,96.56
5.8,41,61.62,-147.39
5.9,36,60.11,-146.71
5.8,14,56.85,-152.69
5.8,24,56.3,-154.4
5.8,2,60.25,-146.71
5.8,184,0.02,123.18
5.8,22,56.6,-152.21
5.9,6,61.51,-147.2
6.5,33,-5.42,133.99
6.3,99,-5.07,144.2
5.9,23,45.35,150.5
6.3,49,-3.88,35.06
6.3,22,40.39,139.05
5.9,16,40.55,139.21
5.9,49,-2.73,139.33
5.8,114,-56.45,-27.7
5.8,101,-56.09,-27.55
6,54,-56.17,-27.66
6.5,42,43.43,147.05
6.2,12,38.4,139.26
6.4,76,43.16,146.17
5.9,7,-1.76,149.75
5.8,15,-0.5,122.61
6,26,11.7,144.57
6.3,96,18.31,-100.5
6.5,189,-5.54,129.79
6.4,127,-15.56,167.62
5.9,20,47.09,153.77
5.8,7,46.96,153.8
5.8,4,47.09,153.72
6,4,-27.82,-71.1
5.9,22,14.17,96.12
6.1,7,-41.13,-74.99
5.8,392,-5.48,154.25
6.1,32,-26.37,-71.78
6.2,34,78.15,126.65
6,107,-4.42,144.08
6.1,33,-48.95,164.46
6.3,89,8.9,93.03
5.8,50,29.96,80.46
5.9,41,-10.42,162.42
5.9,34,40.3,28.23
5.9,14,-31.4,-110.84
5.8,585,-7.17,123.86
5.9,37,28.04,93.75
6.2,43,19.8,-56.11
5.8,2,-45.6,96.19
5.8,77,3.11,128.06
5.8,33,-31.78,57.32
6.3,60,-5.75,150.74
5.8,31,-20.46,-173.89
5.9,3,-6,150.75
5.8,607,-4.34,122.14
5.8,578,-27.46,-63.23
5.9,25,40.49,139.05
5.9,33,-20.45,-174.04
5.9,32,-13.49,166.54
5.8,23,27.4,87.84
5.8,0,49.88,78.96
5.8,94,-56.46,-27.05
6.5,6,-2.4,125.98
5.8,23,-2.64,126.04
5.8,33,-51.7,139.8
6.1,36,51.29,178.55
6.1,40,51.39,179.59
5.8,30,52.74,172.05
5.9,40,53.05,170.83
5.9,16,52.37,174.33
6.5,43,53.14,-161.85
5.8,32,52.05,175.6
6.1,33,53.26,-161.74
5.8,45,51.34,173.44
5.9,17,28.62,142.42
5.8,28,52.73,171.99
5.9,91,2.97,125.91
6.3,36,-25.67,-70.63
5.9,41,-5.43,151.97
6,33,-5.36,151.86
5.9,14,53.02,171.35
6.4,205,36.42,70.73
5.8,36,40.75,142.96
5.9,37,-1.47,126.5
6,58,-31.81,-71.26
5.8,22,55.2,162
6.4,68,-32.42,-71.1
6.1,41,40.73,142.85
6.5,20,50.32,177.93
6.3,45,38.38,22.26
5.9,39,35.06,24.31
5.8,12,-42.66,174.02
5.8,5,64.69,-160.23
5.8,51,54.25,-162.51
5.8,29,21,120.68
5.8,116,-7.02,129.61
6.3,60,47.41,-122.29
5.8,88,-55.99,-27.62
5.8,136,-6.2,130.33
6,80,22.41,121.26
5.9,3,-14.6,167.41
5.9,31,52.17,175.17
5.8,98,-56.24,-27.9
5.8,19,-7.53,128.6
5.8,27,15.93,-46.69
6,58,44.45,148.84
5.8,58,7.21,123.53
5.8,33,-54.59,5.4
6.7,40,53.03,-167.55
5.8,18,38.37,22.4
6.3,18,51.11,-171.3
6.2,33,-55.9,157.7
5.8,50,-7.31,-81.27
5.8,59,-5.21,151.65
5.9,14,-15.47,166.91
6.2,31,-15.75,167.12
5.9,26,-15.86,167.36
5.8,38,-5.25,152.13
6,36,-0.47,-19.93
6.1,328,-5.74,128.63
5.9,79,-18.84,-68.75
5.9,64,-22.91,-176.05
6.5,29,16.33,-95.8
6.1,30,58.29,-152.5
5.8,22,6.51,-84.44
6,55,-5.33,153.08
5.9,30,-6.37,151.66
6.1,62,-6.46,70.76
5.9,178,7.13,126.58
5.9,161,-1.4,-77.7
6.1,41,36.35,141.38
6,195,28.96,128.23
5.8,45,36.44,141.37
5.9,33,-54.74,-38.3
6.2,5,50.02,178.28
5.9,52,49.45,156.58
6,28,-42.9,-75.13
5.8,26,12.46,114.45
6.1,159,44.21,145.45
5.9,587,-9.04,-71.32
5.8,35,-22.34,-113.98
5.9,50,30.68,140.22
6.2,29,43.87,87.74
5.9,46,-29.34,-68.09
5.9,21,31,-41.53
6.1,50,53.89,160.68
5.9,122,-7.28,129.16
6.3,101,-6.21,130.39
5.8,41,51.32,-179.67
5.8,19,-9.61,159.77
5.9,118,-6.39,146.31
5.9,58,17.35,-100.04
6.4,38,58.35,-153.13
5.8,121,50.04,155.38
5.8,29,20.73,146.29
6.1,0,49.77,78.1
6.1,35,-17.66,167.96
6,7,-32.2,78.93
6,59,-5.41,151.57
5.8,53,48.29,154.36
6,50,31.49,80.5
5.8,17,1.85,126.4
6.5,42,24.24,122.67
5.9,627,-21.08,-179.15
6,34,0.81,29.9
6,0,49.72,78.07
5.9,28,37.49,115.06
6.2,40,23.86,122.97
5.9,61,23.72,142.18
6,61,51.24,157.76
5.8,23,57.37,-152.27
6,27,-0.78,122.22
5.8,75,-0.52,122.21
6,33,-52.77,160.17
5.8,22,-23.4,-174.72
6.1,214,36.43,71.12
6.3,37,11.26,139.57
6,242,-12.23,167.02
6,34,-10.43,160.89
6.1,20,-10.15,161.01
6.1,523,-7.21,124.69
6,33,29.62,80.83
6,36,29.71,80.89
6.1,102,24.86,122.56
5.9,16,51.99,179.95
6.3,29,50.57,-171.22
6,59,-0.1,125.01
6,11,-0.05,125.06
5.8,26,39.17,41.56
5.8,39,8.48,126.62
6.6,90,2.34,128.4
5.9,17,-23,170.6
5.9,27,-60.33,-27.25
5.9,39,27.87,54.3
6,165,-21.59,170.56
5.8,35,-60.44,-26.44
6.3,38,-10.74,-78.63
6,42,-1.52,-15.37
6.4,0,73.4,54.57
6,44,22.11,145.9
5.8,1,38.9,21.1
5.9,110,-31.95,-68.4
5.9,16,41.68,144.26
6,136,-14.03,167.04
5.8,0,49.92,77.76
5.8,571,-26.06,-63.1
6.1,46,-7.11,148.31
6.6,23,-25.51,-70.74
5.9,23,-15.16,-173.64
6.1,24,48.22,102.9
5.9,39,38.33,142.2
6,5,56.68,120.95
6.3,33,-14.83,-178.75
6.3,21,48.08,103.02
6,42,52.4,-169.54
6.3,1,24,-65.7
6.3,36,2.93,-74.83
6.1,598,-9.05,-71.34
6.1,21,-23.79,-175.14
5.9,88,-9.12,113.04
5.8,105,-0.09,123.95
5.8,126,-0.13,123.95
6,0,49.79,78.14
5.8,122,-0.16,-78.6
6,60,39.25,24.6
5.8,38,-10.64,166.29
5.9,50,-10.75,166.34
5.9,48,-10.77,166.25
5.8,33,-40.12,-74.68
6,80,-6.73,129.84
5.8,38,45.53,151.11
5.9,606,-6.01,112.33
6,33,-11.14,115.36
5.8,36,45.56,151.62
5.8,12,20,147.27
6.1,63,5.16,96.31
5.9,51,27.32,128.66
6,48,51.47,-178.32
5.9,109,-20.25,-68.83
6.2,184,-0.96,101.39
5.9,11,51.86,176.09
5.8,39,-15.33,-173.48
5.9,136,-58.36,-26.83
5.9,44,52.76,-166.9
5.8,28,-25.18,-70.54
6.2,38,54.44,-157.94
5.9,49,52.58,-168.13
6,33,40.67,30.69
5.9,160,6.84,-73.09
6,367,35.43,135.49
6,60,10.36,125.87
6.1,40,3.72,95.74
6.1,33,-60.84,-24.33
6.1,78,12.18,140.8
6.1,24,31.61,100.26
6.2,29,-10.59,-79.67
5.9,577,-27.62,-63.15
5.8,19,27.42,91.86
5.9,85,42.92,145.33
6,34,-57.82,-23.54
5.8,34,-49.57,163.93
5.9,126,-20.78,169.85
5.8,0,19.5,-60
5.8,20,-6.59,153.47
5.8,44,-5.66,153.92
6.2,605,-21.1,-179.18
6,60,-7.15,129.83
6.2,181,11.91,-85.98
5.9,0,73.4,54.42
6,73,24.43,122.25
6,0,-7.02,30.9
5.9,35,-28.78,-71.19
5.9,28,14.48,51.98
5.9,21,41.41,20.44
5.9,144,49.45,154.4
5.9,27,17.54,73.84
6,20,-21.89,-70.07
6.1,42,17.42,-61.19
5.9,5,17.61,-61.26
5.8,55,-5.25,153.7
6.3,91,-21.29,-68.2
5.8,33,-22.46,-174.61
6,80,-7.53,127.91
6,13,-9.29,158.46
6,29,-8.93,120.32
6.3,20,43.52,146.72
6,599,-6.1,113.36
6.2,46,-5.54,153.36
6,7,39.4,24.94
6,8,22.76,121.47
5.9,87,-16.13,-173.95
5.8,528,-6.59,116.18
6.2,37,32.48,132.28
5.9,40,32.24,132.21
6,12,33.22,-116.19
6.2,22,58.69,-149.93
6.1,30,43.58,-127.89
5.9,162,29.93,129.39
6.1,9,40.86,143.38
6.4,26,41.52,142.82
5.8,60,40.78,142.15
5.9,32,39.83,143.16
6,45,-30.86,-178.21
6,33,-30.84,-178.2
5.9,44,44.67,150.28
5.8,47,41.47,142.88
6.1,21,-41.72,172.03
5.8,618,-6.84,118.91
6.2,73,-2.98,139.34
5.8,45,44.48,150.19
5.9,27,-1.86,120.1
6,31,39.47,142.89
5.8,16,5.64,-82.6
5.8,26,41.06,143.1
6.1,33,-5.55,-77.2
5.8,33,-5.51,-77.3
5.8,68,36.01,139.33
5.8,72,-2.7,139.01
6,44,38.54,142.14
5.8,30,39.54,143.2
6.5,17,-30.97,-178.13
6.1,25,-0.27,133.47
5.8,36,-6.86,-80.42
5.9,31,16.3,122.11
6.3,36,16.56,-97.79
6.5,43,25.73,128.5
6.1,52,16.45,122.31
5.9,96,6.6,126.77
6.2,48,33.31,132.31
6.3,1,1.38,126.24
6.1,41,1.4,126.27
6.1,22,0.06,119.73
6.1,534,-10.2,159.9
5.8,33,1.17,126.14
5.9,25,34.15,59.01
5.9,14,34.09,58.24
6,32,-3.74,143.01
5.9,122,-8.62,-74.55
5.8,640,-21.57,-179.35
5.8,3,28.3,53.17
5.9,49,-6.08,148.77
6.2,103,10.76,-62.7
5.9,57,42.08,142.65
5.8,114,15.54,-92.65
5.8,12,-30.52,-178.01
5.9,151,-6.89,129.21
5.8,12,-3.65,143.37
5.9,66,-13.1,-76.37
5.8,0,49.82,78.18
6.1,45,-56.27,-27.07
5.8,10,-7.6,126.26
6.1,518,26.29,140.7
5.8,33,-39.85,87.74
5.9,18,-31.54,117
6.2,21,-3.38,143.29
5.9,49,-12.41,166.43
6,7,65.46,-150.07
6.1,1,1.2,126.34
5.8,596,-14.2,172.02
6.1,0,73.39,54.58
5.8,150,9.57,-72.63
5.9,49,40.3,142.39
5.9,15,-14.01,23.82
5.8,33,51.56,175.86
6,82,60.15,-152.82
5.8,79,-56.03,-27.57
6.2,71,-8.03,158.94
6.2,32,-10.57,164.46
6,138,-56.81,-26.93
6.3,238,44.89,143.21
6.2,114,-14.89,167.22
6,17,54.84,166
5.9,587,-21.87,-179.54
5.9,24,0.77,126.02
6,35,-17.15,-171.57
5.9,72,4.77,127.5
6.1,46,4.81,127.54
5.9,27,-8.07,-80.09
6,635,-22.75,178.76
5.8,3,41.42,79.24
6,425,-6.76,126.74
5.8,74,3.5,128.41
5.8,53,-3.17,118.91
6.5,14,35.97,-10.58
6.1,43,8.69,127.35
5.8,32,4.72,127.65
5.9,4,38.55,28.46
5.9,35,11.91,41.21
6.1,33,27.61,33.91
5.8,19,12,41.35
5.8,170,-6.11,129.91
5.9,38,-13.57,166.2
6.1,39,32.15,131.98
5.8,34,-30.5,-71.38
5.9,200,-16.71,-174.66
6.2,22,51.29,-179.85
5.8,22,34.43,25.04
6,52,49.41,155.54
5.8,66,-7.93,159.05
5.8,33,-52.53,159.7
5.8,41,53.31,-162.41
6.1,56,51.46,-179.95
5.8,44,52.21,158.95
5.9,6,38.43,119.47
5.8,54,-17.3,-72.48
5.9,1,-11.84,-75.1
6.3,531,-5.71,125.42
6.1,21,1.26,126.23
5.8,193,36.44,70.86
5.8,193,-6.14,129.69
5.8,8,43.46,147.91
5.9,45,43.59,147.63
6.5,41,43.44,147.82
6.5,38,43.61,147.18
6,0,43.63,146.5
5.9,0,43.72,147.8
6,33,43.78,147.48
6,44,1.81,126.41
6,70,43.45,147.98
6.2,46,43.14,147.44
5.9,320,21.57,143.1
5.8,49,43.17,147.46
5.8,34,25.12,-109.55
6,111,47.88,153.75
5.8,31,-8.89,157.95
5.8,17,-8.98,157.91
5.9,38,51.27,-179.17
6.1,39,31.08,131.43
5.8,37,15.3,-45.78
5.8,36,-60.9,-55.9
5.8,43,-11.75,-75.15
6.3,0,73.39,54.5
6.1,124,23.09,94.7
6,43,51.31,-179.23
5.9,7,34.77,-121.35
5.8,57,-16.11,-173.87
5.8,31,-53.37,23.6
6,22,51.26,-178.95
5.8,11,34.72,-121.28
6.1,74,27.8,60.02
6.4,20,1.94,94.61
6.2,51,57.7,163.56
5.8,113,37.16,71.64
6,0,49.94,78.98
5.8,0,43.79,54.75
6,51,1.99,126.94
5.9,31,8.2,58.49
5.9,329,46.21,142.45
6.4,1,15.79,-59.64
5.8,6,16.08,-59.79
5.8,62,28.55,129.15
5.8,15,24.12,102.49
6.1,189,-34.85,178.79
5.9,68,6.8,126.75
6.2,82,-25.85,-177.29
6.3,25,42.48,143.04
6.1,23,7.03,-104.24
5.9,18,15.57,-99.48
5.9,8,12.58,122.09
5.8,36,-9.84,-75.55
5.8,83,9.8,125.91
5.8,24,30.61,103.05
6,7,50.13,-179.59
6,161,52.59,-175.04
6,21,12.15,143.82
6,39,-19.07,168.54
6.2,44,44.65,148.99
6.1,16,57.39,-153.97
5.8,99,-29.6,-69.42
5.8,8,51.34,173.75
6.1,3,-22.08,126.65
6,11,0.28,119.37
5.8,59,-6.26,154.62
6,18,39.21,29.51
6,232,-17.07,168.56
5.8,82,6.78,126.66
5.8,75,39.78,141.91
6.5,40,15.78,121.71
5.8,23,38.34,22.56
5.8,25,15.08,122.01
6.2,243,-18.79,169.29
5.8,12,52.93,171.45
5.8,56,14.65,-92.59
5.8,37,14.61,-93.29
5.9,196,-4.37,151.81
5.9,12,50.19,91.24
6.1,6,-55.92,-28.07
6,406,27.22,140.29
5.9,85,-11.73,166.38
6.4,48,-9.15,-78.83
6,54,-9.93,-78.46
5.9,45,-9.28,-79.05
5.8,43,-10.22,-78.69
5.8,48,-9.88,-78.69
5.9,24,42.48,78.71
5.9,53,44.72,149.46
6.2,87,-24.47,-68.46
6,64,-58.86,157.6
5.9,32,-2.9,139.08
5.9,10,-51.94,-74.14
5.8,99,-16,-71.88
6.1,44,-22.28,-70.55
5.9,72,-7.9,158.68
6.2,50,-8.75,124.04
5.8,587,-21.66,-179.42
5.8,55,-10.14,-78.6
5.8,148,18,-64.67
5.8,44,51.35,-178.51
6.1,47,32.26,131.78
6,47,32.31,131.83
5.8,73,-37.73,177.66
6.4,68,26.02,95.37
6.5,653,-1.46,-72.56
5.8,17,1.16,126.2
5.9,46,-13.92,166.65
6.1,20,-14.13,166.56
5.8,45,-60.63,-25.27
5.8,43,-13.89,166.53
5.9,92,-9,117.95
5.8,30,60.7,-145.38
5.8,33,-56.46,-142.61
6,76,-4.6,153.22
6.5,643,52.36,151.64
6.2,39,17.7,147.65
5.8,50,13,144.5
5.8,42,-6.5,154.63
6,8,6.37,-77.48
5.8,6,6.52,-77.4
6,60,-13.52,166.59
5.8,32,-3.56,86.19
6,7,-31.94,-177.89
5.8,33,-32,-178.1
5.9,124,-4.1,143.1
6.6,0,73.31,54.89
5.8,37,39.25,140.71
6,45,-4.97,145.45
6.2,33,-3.43,135.65
6.2,22,-5.1,145.13
5.8,80,-6.05,148.55
5.8,39,43.46,146.94
5.8,16,-20.94,-69.81
5.9,119,-4.11,142.88
6,10,-11.02,163.45
5.8,25,-11.03,163.41
5.9,29,-23.19,-70.11
5.8,39,41.79,143.5
6,183,29.79,140.11
5.8,46,-30.81,-71.16
6.3,15,-3.97,-80.66
6,0,43.87,54.78
5.8,46,-1.59,99.95
6,0,43.81,54.82
6.2,63,-5.23,153.59
6,70,-10.58,161.39
6.5,41,-3.21,139.69
5.9,3,-2.95,139.64
6.2,40,-3.06,139.62
5.8,34,-3.31,139.76
5.9,39,-3.01,139.62
5.8,52,-3.24,139.84
6.2,18,-3.31,139.91
5.8,22,-3.37,139.91
6,55,-3.08,139.45
5.9,33,-3.41,139.55
5.8,134,-3.63,139.44
5.9,31,-9.65,151.4
5.9,45,51.46,-177.71
6,515,51.69,150.97
5.8,57,-2.89,139.38
6.2,40,0.53,98.72
5.8,40,51.47,-176.81
6,12,-63.43,-61.36
6.2,9,34.4,-118.43
6,166,-23.81,-67.2
6.2,115,-5.75,145.39
5.9,21,-10.93,163.8
5.8,20,8.43,127.23
6.1,49,-22.96,-176.14
5.9,29,70.97,-6.86
5.8,14,41.42,79.2
6,92,4.76,126.52
5.8,0,60.33,-140.94
5.9,33,37.3,71.07
5.8,49,38.41,142.18
6,67,-0.36,124.73
5.8,150,53.26,-170.53
6.3,29,2.45,129.13
6.3,74,-4.42,102.32
6,37,28.3,55.61
5.9,0,49.77,78.08
6,38,51.41,-177.21
5.9,46,-6.54,105.37
5.8,146,-42.28,-71.79
6,29,-39.78,-104.87
5.9,42,7.99,126.95
5.9,0,63.92,146.1
5.9,3,38.85,40.52
6,35,18.02,-69.79
5.8,19,51.67,176.04
6,76,-25.4,-69.06
5.8,34,-5.26,153.46
6.2,54,-6.23,154.45
5.9,0,-5.18,96.89
6.3,58,-5.97,144.38
6.1,92,-7.03,129.7
6.5,40,-32.51,-71.21
5.8,36,-32.19,-71.72
6,43,-5.52,153.87
5.8,48,-4.86,153.32
5.9,37,-5.78,153.8
5.8,36,52.13,173.03
6.6,43,-4.93,153.18
5.8,41,39.81,77.22
5.9,74,-5.4,152.07
5.8,33,-5.53,151.84
6.1,77,-5.16,152.26
6.2,48,-5.7,151.96
6,23,-5.81,151.55
6.1,49,-5.86,151.31
6.4,88,-2.79,-77.35
5.8,59,-4.89,153.34
5.8,25,-5.14,152.87
6.5,45,41.37,143.44
6,43,-0.85,-22.07
5.9,60,-5.88,154.31
5.9,43,-5.74,152.13
6.1,32,49.29,155.49
5.8,9,13.3,-92.41
5.9,33,-55.73,-26.04
6,14,46.54,141.15
6.1,21,46.76,141.39
5.8,27,46.28,141.03
6,7,44.34,150.85
5.8,29,-20.41,-174.17
6.1,22,-6.46,151.55
5.9,4,-6.79,151.8
5.8,30,39.17,143.4
6.4,107,-5.93,130.68
6.3,111,-6.54,146.64
5.8,70,-0.02,124.84
6.5,0,73.39,54.91
5.8,27,46.41,141.16
5.9,148,3.63,125.92
6,30,-0.45,-4.89
5.9,52,-6.55,154.97
5.8,111,-5.42,154.28
5.8,26,11.83,142.52
5.9,50,-6.49,151.18
6.1,21,11.86,142.38
6.2,21,11.86,142.35
6.3,49,-15.57,167.24
6.4,45,-5.93,154.05
5.8,107,-5.57,153.99
5.8,66,-5.95,153.84
5.9,53,10.11,92.93
6,533,-23.45,-179.88
6.5,119,-11.87,166.55
5.8,135,-11.94,166.57
6.4,99,52.85,159.22
5.8,33,-55.19,-128.87
5.8,99,-29.86,-69.5
6.2,38,44.77,153.33
5.9,77,-6.02,154.56
6.2,39,56.04,163.17
6,0,47.9,48.07
5.9,116,-4.75,151.84
5.8,11,-16.85,174.9
5.9,6,22.5,122.08
5.9,166,-4.6,151.86
5.9,29,-30.65,-177.82
5.9,12,-2.09,138.96
6.1,36,20.95,120.26
6.2,56,-55.72,-28.75
5.8,23,-4.84,145.1
5.9,37,-4.74,145
5.8,214,36.4,70.72
5.8,33,-13.18,166.32
5.8,12,-3.54,151.29
6.2,29,22.55,122.37
6,34,23.05,122.14
6.1,127,-19.38,169.13
5.8,45,19.36,122.06
5.8,5,-15.36,-173.3
6.2,101,-11.43,166.37
5.8,60,-17.62,-71.27
5.9,40,-60.59,-25.5
6.5,50,33.38,140.97
5.9,52,33.48,141.05
5.9,12,-18.94,-173.72
5.8,54,33.45,141
6.1,181,-28.25,-178.27
5.9,29,-3.74,131.39
5.9,37,33.6,141.38
5.9,72,40.84,141.98
6.1,52,-6.79,-76.76
6,43,51.27,-179.21
6.2,135,49.05,153.6
5.8,33,-45.1,166.68
6,43,56.14,-157.14
5.8,124,48.04,153.13
5.9,40,43.33,146.03
6.1,479,-25.69,179.58
6.2,33,-49.35,164.09
5.9,1,-16.05,-173
6.1,376,-7.47,125.56
5.9,33,-53.52,159.08
5.8,21,42.09,84.58
6,11,28.39,52.78
6,0,0.99,-28.3
5.8,48,24.1,122.44
5.8,91,53.95,-166.82
5.8,116,-31.4,-110.99
6.1,29,23.6,121.55
6.4,38,13.38,120.34
6,413,-5.13,154.23
5.9,30,5.22,-100.32
6.3,46,-15.94,167.53
5.9,14,35.16,23.56
5.8,38,-4.21,152.71
5.8,565,-17.82,-178.79
5.8,342,-27.74,-178.99
5.9,36,16.61,122.19
6.1,208,-17.76,-175.06
6.1,45,-11.05,116.97
5.9,39,-30.34,-71.58
6.2,336,3.86,124.26
5.8,27,53.25,-166.78
5.9,66,-7.12,155.87
5.9,47,36.28,69.69
5.8,31,50.1,-129.3
6.2,29,56.77,-135.91
5.8,19,30.71,141.82
5.8,92,2.35,127.56
5.8,47,49.13,155.97
5.9,10,-11.1,162.17
5.8,20,-16.66,-172.01
5.8,45,51.34,-179.29
5.9,43,-6.29,144.46
6.3,26,-6.04,152.9
5.8,22,-6.05,152.63
6.1,53,-5.15,134.09
5.9,573,49.47,147.08
5.9,115,-33.49,-179.4
6.3,0,73.39,54.65
5.8,122,-14.99,167.3
6.1,51,29.41,130.64
6.2,45,35.94,73.33
6.1,64,-11.78,166.31
5.9,154,1.9,128.2
6.1,49,-19.89,169.08
5.8,107,-2.52,119.22
5.9,0,71.42,-10.39
5.9,48,-15.35,-175.6
5.8,75,37.96,22.38
5.8,30,-20.36,168.89
6,20,15.23,-96.26
5.8,23,-9.93,119.6
5.8,0,19.55,-70.22
6,33,-6.22,131.15
5.9,33,-6.56,131.3
5.8,7,-30.91,-68.21
5.8,10,-16.47,-172.17
6,632,7.46,123.77
5.8,119,1.81,127.45
6,35,52.89,-162.98
6.3,33,-8.79,124.98
6,63,27.48,128.57
5.8,2,-7.33,146.83
6.1,0,49.91,78.85
6,37,-20.03,168.91
5.9,22,23.87,121.61
5.9,111,38.33,73.17
5.8,0,-6.72,154.53
6,73,6.41,126.62
6.7,62,33.34,140.82
6.1,0,-1.52,136.67
6,0,49.97,78.95
5.9,16,44.68,149.37
5.9,83,-7,155.81
6,139,-7.5,127.83
6.9,159,-4.35,153.45
5.9,61,-30.51,-71.08
6.4,147,-39.02,175.23
6,24,-14.66,166.41
6.3,38,-6.88,150.03
6,90,-12.1,166.52
5.9,112,-0.14,124
6.1,48,18.53,-102.93
5.9,508,28.22,139.3
6,214,-22.53,-66.19
5.9,5,31.33,100.49
5.9,35,31.5,100.33
5.9,42,22.27,121.52
5.8,53,-19.16,168.69
6.2,41,-61.1,-38.01
6,62,50.51,156.58
5.9,24,54.73,161.7
5.9,25,6.32,127.38
5.8,56,-3.01,139.08
6,62,50.78,157.19
5.9,11,2.18,126.65
5.9,193,-19.41,169.39
5.9,44,13.41,122.87
5.9,33,2.09,126.55
5.9,51,29.3,130.41
6.1,146,4.7,-75.67
5.8,39,7,91.33
5.8,38,-15.81,167.24
5.8,15,-9.81,119.29
6.1,46,50.86,157.43
6.4,20,4.96,-78.12
6,19,-59.38,-26.12
5.9,9,20.05,-155.16
6,15,-10.01,150.2
5.8,33,2.25,126.74
5.8,48,-1.46,99.8
5.8,0,-6.34,151.18
5.8,23,-6.26,151.86
6.1,0,53.97,-163.71
5.8,1,24.31,93.52
5.8,33,-54,159.35
6.2,91,-10.31,161.42
5.8,0,-6.73,154.81
5.9,55,-7.27,156.14
5.9,33,53.61,161.38
5.8,44,51.27,-179.38
5.8,0,44.98,-125.87
6.5,41,43.12,145.74
5.8,39,42.92,146.39
6,11,42.65,146.08
6.5,0,-5.88,151.86
6.3,26,43.28,146.43
5.8,19,43.14,146.89
5.8,45,19.11,121.19
5.8,10,43.01,146.66
5.9,56,43.28,145.81
6.2,30,57.86,-137.42
6,56,12.21,125.29
6.1,0,57.99,-138.04
5.9,22,35.16,86.4
5.8,49,36.45,141.05
5.9,373,-24.83,-179.19
6.1,0,49.94,78.85
6.1,203,-14.33,167.29
6,33,-16.22,-173.08
5.9,44,43.38,146.46
5.9,109,-4.5,144.1
6,346,-31.38,-179.38
5.8,33,57.09,-154.12
5.9,55,-7.22,156.08
6.6,75,18.25,-96.58
5.8,77,-0.15,-17.97
5.9,45,-37.27,179.32
5.8,43,7.15,84.33
5.8,552,42.48,131.05
6.8,0,73.32,54.97
5.8,64,9.2,126.19
5.8,128,-7.02,-76.19
5.9,542,9.23,123.92
6,33,-4.4,-102.1
6,33,-4.37,-102.04
5.8,33,-54.97,146.25
5.9,0,70.8,53.42
6.3,567,41.93,130.99
5.9,56,35.67,140.64
5.8,33,-32.98,-71.87
6.2,33,-61.05,-21.7
5.9,28,-14.34,167.06
5.9,32,0.52,-29.47
6,56,19.42,-104.98
6.1,517,-21.95,-63.65
6.9,0,70.8,53.92
5.9,48,-2.96,139.34
5.8,7,-25.98,-67.72
5.8,18,51.52,-175.27
5.9,60,49.99,156.33
5.8,270,-31.2,-179.47
5.9,62,49.99,156.31
6.1,56,38.98,141.93
5.9,45,53.61,160.49
6.2,124,-15.18,167.43
5.8,23,-35.59,-74.54
5.8,42,43.25,146.75
5.9,26,-19.9,169.66
5.8,0,50.03,79.02
5.8,52,51.38,-177.85
6,42,-9.52,119.39
5.9,191,-20.61,-176.32
6.2,517,-23.88,180
6.3,13,-14.56,166.8
6.2,43,-15.13,166.91
5.8,41,-14.92,166.48
5.8,10,-15.37,166.54
6.6,83,-22.49,-68.26
6.1,92,-12.28,-76.3
5.9,24,-38.84,46.43
6.3,36,-14.45,166.87
5.8,27,42.03,143.89
5.9,51,-5.15,134.15
5.9,32,-7.39,155.92
5.8,33,-7,155.78
6.2,12,-7.28,155.63
5.8,21,18.93,120.13
5.8,39,-5.13,133.91
5.8,46,-7.35,155.82
5.9,7,53.74,-164.7
5.8,10,-3.79,134.01
5.9,391,33.17,136.98
5.8,46,44.01,147.78
6,37,1.27,97.63
5.8,34,9.51,-83.95
6,19,-20.02,169.77
5.8,47,-7.48,156.2
5.8,57,-7.48,156.01
5.8,154,48.31,153.16
5.9,25,-14.91,-172.83
6,504,-23.93,179.88
5.8,74,12.57,144.24
5.8,23,57.56,-153.92
5.8,8,55.15,-160.57
6,6,55.05,-160.51
6.1,44,-26.28,-175.78
6.2,386,-31.55,179.79
6,33,-33.49,-177.31
5.8,10,34.57,138.75
5.9,33,-4.3,-102.07
5.8,17,28.19,103.98
6.1,43,1.87,126.48
6.2,26,19.73,147.34
6,58,49.98,156.22
5.9,100,-11.17,-75.01
5.8,141,-6.55,106.77
5.8,13,-17.68,167.8
6.2,7,-17.62,167.53
5.9,0,49.91,78.91
6.1,256,-15.89,-175.04
6,397,-31.88,179.94
5.9,52,-56.03,-27.47
5.8,0,-2.25,141.1
6.1,20,-26.02,84.3
5.9,68,-4.72,152.56
6.5,33,-29.22,-175.94
6,77,-29.37,-176.13
5.9,16,45.2,93.86
6,45,36.44,141.17
6.4,12,7.76,-77.57
5.8,10,7.74,-77.54
6,50,46.22,153.14
5.9,46,46.01,152.88
6.3,210,36.42,70.76
6.2,7,39.34,73.77
5.8,26,39.46,73.63
5.9,19,-38.34,-73.27
5.9,45,32.18,142.37
6.4,0,73.41,54.93
5.9,34,18.27,119.2
5.8,62,-4.26,143.55
6,60,-9.8,108.49
5.8,40,55.25,162
5.9,331,-30.54,-178.03
5.8,105,-6.2,146.1
5.9,41,-0.28,12.83
6,5,43.12,146.56
6.2,9,-12.24,-77.58
6.4,41,17.37,-61.99
6.3,34,44.64,150.09
5.9,596,-17.97,-178.49
6.2,18,-8.4,154.03
6.3,33,-15.49,167.1
6.3,156,-6.93,129.52
6.4,0,70.81,53.91
5.9,125,42.53,141.75
6,6,-12.44,-77.46
6.1,55,-6.44,105.38
5.8,31,-15.91,-178.47
5.8,58,2.27,121.06
5.8,44,35.85,141.1
6.2,62,-15.12,167.16
5.8,36,-53.59,-28.26
6.1,29,-6.06,154.23
5.8,58,-15.24,167.3
6.1,429,30.71,138.44
5.9,32,-6.15,153.05
6,32,-5.04,129.99
5.8,20,0.51,97.89
6,156,-7.65,-74.46
5.9,32,-2.3,99.01
5.8,7,51.66,174.59
5.9,45,35.05,72.91
5.9,58,61.92,-149.72
5.9,74,-2.99,101.68
6,82,-4.93,130.09
5.8,99,-17.86,-174.57
6.2,1,32.38,78.5
5.8,49,31.94,78.53
5.8,6,35.05,141.37
6,40,7.18,-77.76
5.9,2,53,173.47
6,10,53.08,173.58
6.1,16,40.66,122.63
6.2,9,-7.24,149.58
6.3,43,51.32,-179.44
6.1,333,-24.98,-178.88
5.8,72,-6.07,148.21
5.8,574,-17.84,-178.53
6.1,7,-2.39,126.15
5.8,31,27.47,56.24
6.1,28,-29.89,-71.4
6,86,-21.75,170.53
6.2,111,-4.26,-77.01
6.1,29,22.68,122.84
5.9,429,-32.36,179.88
5.8,5,42.04,-112.41
6.1,131,-4.06,152.75
5.8,33,-50.84,139.19
5.8,93,-14.79,-72.66
6,15,71.49,-10.36
5.8,31,-36.41,-98.82
5.9,17,16.47,-98.86
5.8,472,-31.79,-179.51
5.8,33,35.8,79.86
5.8,24,37.2,142.09
6.2,30,-38.03,-72.78
5.8,37,1.03,126.02
5.8,1,22.7,122.61
6.5,34,35.98,-17.56
6,97,0.75,122.61
5.8,647,-20.61,-179.14
5.8,59,-4.5,153.53
5.8,0,44.39,146.87
5.9,72,43.26,147.39
6,42,36.31,143.3
6,65,43.51,147.65
6.2,39,-3.1,148
5.9,53,30.07,142.15
6.1,549,38.78,130.09
5.9,112,21.42,94.62
5.8,20,32.84,142.43
5.9,81,6.51,126.65
5.8,88,-10.34,161.2
6.5,54,-6.64,155.09
6.1,49,-7.15,155.21
6.3,58,-6.63,154.66
6.2,63,-6.84,155.41
5.8,93,-9.84,123.96
6,46,53.48,-161.39
6.2,33,-2.51,146.03
6.1,187,-22.73,-66.62
5.8,53,-6.9,147.77
5.8,41,54.92,167.87
6.3,0,73.34,54.5
5.8,68,10.04,125.86
5.9,65,-10.13,121.7
6,32,38.51,40.77
6.3,66,7.05,-104.18
5.9,27,-34.74,81.88
6.1,12,-20.45,-173.96
5.8,123,-9.49,-74.65
6,47,-4.83,102.24
5.8,19,-4.83,102.04
6,69,-12.54,166.47
6.2,23,0.91,-26.71
6,128,-15.4,167.55
6.4,11,-24.91,-175.16
6,33,-24.2,-175.1
6.1,106,-7.54,128.76
6.7,0,70.84,53.53
6.6,0,73.33,54.93
5.9,61,6.54,126.81
5.8,39,-22.91,-70.48
5.8,0,49.91,78.92
5.9,62,42.05,142.66
6.5,48,12.47,126.01
6,117,13.82,144.79
5.8,405,-18.39,-177.88
6.1,30,12.5,126.06
5.8,44,13.83,125.07
6,35,12.91,125.89
5.9,69,-12.25,166.61
5.8,0,7.55,-77.5
5.8,411,-33.02,-179.96
5.8,51,-57.78,-25.52
5.9,11,19.46,-155.14
6,49,-14.92,-172.88
5.8,94,-11.54,-74.52
5.8,69,-7.01,155.75
5.9,33,-11.74,164.81
6,546,51.93,151.57
6.4,102,-4.07,142.11
6.3,33,-16.22,-172.47
5.9,18,-56.8,-68.42
6.2,23,-28.78,-177.39
5.9,101,-13.31,-74.94
5.9,5,66.25,-16.54
6.4,29,-29.48,-177.57
6.5,56,-29.02,-177.42
5.9,42,-29.64,-176.76
6,64,-30.01,-176.85
5.8,33,-32.67,-178.21
6,11,-32.65,-177.81
6.2,5,44.74,149.15
6.2,615,-7.46,119.89
5.9,54,-28.65,-177.38
5.8,48,44.62,149.69
6,68,-29.35,-177.29
5.8,48,17.15,-100.23
5.9,38,54.52,162.02
6,5,15.28,-89.19
5.9,37,-5.96,146.33
5.9,40,-57.39,-64.46
6.2,0,12.98,125.74
5.8,71,-6.36,154.84
5.8,9,-39.93,-74.89
5.9,50,-8.36,121.46
6.3,98,-14.77,167.12
6,25,-10.62,165.06
6.2,75,-29.92,-177.8
5.8,3,-30.6,-178.21
5.8,35,3.96,-85.88
5.8,21,-3.94,152.04
6.2,10,40.31,63.72
6,5,40.18,63.79
6,19,0.85,-79.63
5.9,19,28.7,52.12
5.8,19,-44.58,167.64
6.2,10,-29.93,-177.62
5.9,12,46.35,13.26
5.9,21,-7.47,154.68
5.8,21,-7.58,154.61
5.9,40,-51.6,139.76
5.9,32,-32.63,-178.19
6.1,146,-37.28,177.16
5.9,5,-11.62,-74.45
6.2,14,40.35,63.45
5.8,161,4.49,-75.77
5.8,72,-31.3,-177.67
5.8,198,3.69,125.14
5.8,112,-5.91,145.88
6,107,-5.6,154.29
5.9,164,-5.6,148.35
5.9,122,-5.02,153.65
5.8,56,-10.51,-78.3
5.9,3,24.51,98.95
6,27,-41.5,-75.34
6.1,96,-5.13,153.55
6,79,-10.08,161.06
5.8,36,-7.38,154.69
6,28,14.06,124.87
6,48,17.45,-100.65
5.9,36,0.52,134.75
5.8,21,24.79,125.98
6.3,1,3.4,96.28
5.9,35,0.53,134.84
6.3,33,-4.58,140.13
5.8,35,-4.34,139.86
6,26,3.78,126.81
5.9,33,-4.52,140.24
6.2,20,-33.78,-177.83
5.9,29,-29.51,25.17
5.8,0,49.85,78.97
5.9,33,-50.01,-115.1
5.8,402,47.31,145.75
6.2,25,7.48,-78.28
6.1,3,7.41,-78.05
6.1,37,-8.21,114.87
5.9,41,-8.17,114.84
6.1,62,-4.18,152.76
6.1,10,39.56,117.87
6.1,37,39.71,118.37
5.9,0,47.81,48.1
5.8,6,-30.32,-177.87
6,43,-20.59,169.31
6.2,31,26.7,97.04
6.1,9,32.78,104.09
6,146,-34.28,-176.53
6.4,8,6.22,124.11
5.8,33,7.18,123.55
5.8,52,7.33,123.54
5.8,44,7.35,123.42
6,33,10.09,125.9
6.2,17,7.22,122.99
5.9,165,-6.77,129.62
6,15,32.59,104.25
6.2,18,32.49,104.18
5.9,55,6.52,124.07
5.8,0,49.95,78.98
5.8,51,1.03,147.56
5.9,12,-9.2,148.17
6.1,51,44.78,149.21
5.8,0,73.41,54.5
5.9,40,6.93,124.04
6,16,-30.48,-177.42
6.1,20,-6.43,153
5.9,115,-10.45,161.34
5.8,196,36.5,70.58
6,33,-4.54,139.93
5.8,47,-29.36,77.65
6.1,64,8.52,126.41
5.9,32,6.98,123.89
5.9,44,38.12,142.26
6,27,39.5,117.73
6.1,33,-8.84,156.97
6,52,7.09,123.59
5.8,0,49.97,79.01
6.1,10,39.05,44.04
6,424,-19.5,-177.7
5.8,11,41.33,-125.66
6.2,190,36.52,71.05
6.5,70,-20.57,-68.93
5.9,0,49.87,78.89
5.8,370,-31.95,179.18
5.8,503,28.04,139.67
6.3,11,28.27,130.67
5.8,6,48.84,-129.13
5.8,47,23.41,143.71
5.8,112,-7.9,109
5.9,27,-2.51,126.68
5.8,43,38.19,90.97
5.9,33,-3.65,144.5
6,67,-24.93,-68.68
5.9,22,-41.74,174.3
5.8,15,37.02,95.73
5.8,55,5.04,126.63
6,20,40.11,70.86
5.9,555,-24.66,-63.39
6.1,31,-66.49,-82.45
6.1,33,-60.96,-22.96
6.1,49,0.54,126.05
6,46,33.15,141.06
5.8,33,-41.31,80.52
6.1,44,53.54,169.96
5.9,54,-6.26,147.59
6.3,52,6.74,123.74
6.1,86,45.83,26.72
5.9,556,41.66,131.05
5.8,56,-4.96,131.03
6.2,40,16.73,122.29
6,43,44.16,148.23
5.8,0,-21.89,-138.96
6.2,24,27.59,56.38
5.8,119,-14.76,167.11
5.9,23,27.57,56.3
6.4,33,-16.79,-172.02
6.3,49,-9.9,160.44
5.9,33,-9.97,160.59
6.1,33,-9.94,160.48
6.7,33,-9.76,160.69
6,33,-9.73,160.17
6.4,31,-10,160.77
5.8,63,-10.21,160.74
5.8,42,-10.31,160.74
5.9,53,-1.81,120.46
5.8,0,49.86,78.84
5.8,21,-14.02,-14.49
6.3,69,-22.91,-175.74
5.9,31,22.68,-45.11
5.8,109,-7.73,127.77
6,44,1.42,126.36
6.1,120,-56.17,-27.7
6.2,33,-53.82,158.84
6,37,16.86,122.39
6,48,-33.79,-179.58
6,17,-15.29,-173.07
6.3,3,-8.04,155.56
6,103,-56.11,-27.83
5.8,45,-10.58,161.35
6.2,53,-17.58,-174.39
5.9,62,-6.55,155
5.8,60,-7.89,107.55
5.8,36,46.76,153.63
5.8,54,-11.21,118.43
6.8,33,-11.16,118.41
5.9,39,-10.94,118.4
5.8,33,-10.89,119.17
5.9,33,-11.1,119.09
6,51,-10.88,119.26
6.3,33,-59.54,-20.59
6.2,4,-8.1,125.38
6,11,17.46,119.8
5.8,74,-11.04,119.17
6,59,-13.74,166.74
5.8,24,51.31,177.91
5.8,0,50.05,78.93
5.8,4,34.95,23.05
5.8,43,11.8,143.12
5.9,26,-1.92,126.64
5.8,34,-11.29,118.1
5.9,29,-9.99,117.29
6.4,24,-25.87,-175.37
5.9,33,-15.78,-173.01
6.2,33,-27.93,173.13
6,592,-27.96,-62.82
5.9,103,-6.21,146.66
6.3,33,-11.48,118.21
5.9,95,-10.2,161.16
6.4,4,-31.04,-67.76
6,33,-31.02,-67.51
6,0,-21.86,-138.94
5.8,26,-31.37,-67.79
5.9,17,-31.44,-67.44
6,0,49.93,78.89
5.9,64,-5.01,145.1
5.8,22,3.52,95.91
5.9,21,-31.24,-67.9
6.3,42,25.54,143.25
5.9,10,16.54,40.32
6,86,-5.13,151.79
6,125,-15.37,-71.71
5.8,19,18.79,121.91
6,50,44.56,149.58
6.2,24,34.8,139.22
5.8,20,-31.25,-68
5.8,112,-34.29,-70.38
5.8,46,-4.2,123.37
6,64,-5.39,151.73
6,81,-26,-177.24
5.8,80,-0.07,124.1
5.8,34,-30.63,-177.6
5.8,99,-8.7,124
6,60,38.83,142.03
5.8,537,-4.94,125.25
6.1,517,-4.88,125.35
5.9,49,29.33,130.53
5.8,33,-26.6,-114.59
6.1,75,-4.66,153.06
5.9,436,31.93,137.62
6.5,441,31.99,137.61
6,278,26.45,140.76
5.8,47,-22.91,-175.3
6.3,60,43.86,148.84
5.9,53,43.99,148.91
6.2,36,44.22,148.87
5.8,45,44.09,148.68
5.8,56,44.27,148.9
6.1,82,44.7,148.17
6,48,44.41,149.58
6,48,44.3,149.6
6,28,29.68,-67.45
6.4,62,44.11,148.62
6.1,34,42.84,78.6
5.8,70,-8.62,125.07
5.9,33,-27.97,-70.3
5.8,97,-19.63,169.1
6.2,62,-4.94,133.99
5.8,51,10.06,-77.89
5.8,2,44.38,149.42
6.6,59,-11.39,116.68
5.9,12,-9.43,148.94
5.9,10,56.52,-152.61
6,118,5.14,127.44
5.8,230,36.64,71.26
5.8,37,4.69,124.61
5.9,54,-5.92,103.92
6.1,49,-9.88,160.5
6.3,70,-37.84,176.73
6.5,182,-14.6,167.31
5.8,43,-0.74,127.33
6.2,160,31.07,130.1
5.9,28,51.24,-179.25
5.8,30,24.29,142.7
5.9,22,-1.05,146.48
5.9,33,40.4,63.66
5.9,0,49.88,78.81
6.7,48,38.23,142.02
5.9,39,38.38,142.41
6.1,29,8.28,122.43
5.9,41,8.24,122.36
6,153,7.85,126.38
6.5,0,-17.06,-172.28
6.1,3,40.78,23.24
5.8,380,48.27,148.66
5.9,37,-5.05,102.38
5.9,0,-5.07,102.33
5.9,25,-15.27,-175.45
5.8,27,-18.27,167.99
5.8,0,49.84,78.92
5.9,43,0.55,126.24
5.8,11,52.26,-168.84
5.9,305,-14.95,-175.81
5.8,45,-4.2,152.84
6.4,34,22.19,121.42
5.8,37,-20.64,172.57
6.3,49,-26.52,-70.66
5.9,16,-0.14,131.79
5.9,0,73.31,54.7
5.8,57,-59.8,-26.33
6.2,39,-30.62,-178.07
5.8,8,-47.53,32.26
5.9,0,49.98,79.02
5.9,37,-7.53,156.5
6,116,24.81,121.87
5.9,215,-13.35,167.13
5.9,44,-30.57,-178.06
6,0,49.91,78.94
6,48,48.21,154.33
6.4,34,33.37,57.44
6.1,217,-13.94,167.18
5.8,138,-14.92,167.14
5.8,50,39.4,74.76
5.9,50,33.47,140.95
5.8,0,47.81,48.09
5.8,61,-5.45,152.02
5.9,7,39.34,72.56
6,37,37.71,48.95
5.9,42,-11.21,162.13
6.2,39,-11.14,162.16
5.8,27,47.79,146.54
5.9,63,-10.92,162.16
6,0,49.93,78.77
6.3,23,16.07,-96.55
5.8,0,-21.85,-139
5.9,85,-10.22,161.48
6.3,118,44.55,146.67
5.8,465,-7.08,117.95
6.2,36,7.33,123.4
6,40,0.55,126.06
5.9,0,47.78,48.14
5.8,7,-8.27,121.38
6.5,47,23.17,122
5.9,10,33.96,59.53
6,0,47.87,48.06
5.9,38,-30.02,-177.47
5.8,45,17.53,-100.79
5.8,35,-18.52,168.15
5.9,12,54.8,-161.29
5.8,54,0.02,126.01
6.2,114,5.23,127.36
5.9,149,6.01,126.01
5.8,135,-15.57,167.57
6.2,48,-13.61,166.66
6.2,42,-16.52,-72.6
5.9,46,40.22,143.55
6.2,17,60.73,-141.55
5.9,4,1.02,120.4
6.3,3,17.76,-101.3
6,75,18.02,-69.03
5.8,24,41.95,83.38
6.5,38,3.02,127.01
6.1,4,42.05,19.05
5.9,545,5.66,123.59
5.8,108,-0.05,123.03
5.9,596,-20.82,-178.67
5.9,30,9.3,125.57
6.2,77,-21.22,169.72
5.9,123,-6.38,105.93
5.9,256,19,145.42
5.9,51,-22.95,-69.09
5.8,598,24.13,142.41
6,27,0.66,126.08
6.4,55,56.65,-156.72
5.9,209,-15.44,-70.05
6,46,52.68,-166.97
5.8,111,36.45,31.72
5.8,54,-24.6,-70.18
6,40,-8.32,115.92
5.9,6,-30.73,117.21
5.8,31,8.14,-38.12
5.8,109,-56.02,-27.98
5.8,87,-6.55,147.28
5.9,15,38.79,26.57
6.2,108,17.04,-94.61
6.2,9,49.88,78.92
6.1,190,-5,145.58
5.9,30,-19.86,-173.04
5.8,0,7.11,-82.31
6,62,43.88,146.72
6,51,-32.16,-71.4
5.8,0,50.05,79.06
5.8,74,33.87,131.91
6.3,32,-11.16,107.72
6,0,-21.86,-139
6.1,0,49.86,78.94
6.1,204,-22.86,-177.47
5.8,56,34.57,140.37
5.8,73,-4.86,153.5
5.8,566,41.85,130.87
6.1,0,49.93,78.98
5.9,231,36.48,70.15
6.1,43,8.95,-83.49
6,13,10.72,-41.68
6,43,19.05,122.12
5.8,56,53.97,-165.22
6.2,33,-1.71,136.05
5.8,28,-1.18,136.49
5.8,28,53.64,169.74
5.9,50,3.48,128.06
5.8,6,42.8,13.04
5.8,38,52.23,174
5.8,3,-60.57,-50.35
5.8,46,45.09,76.96
5.8,54,-19.09,168.71
5.9,35,-2.84,119.57
6.2,10,1.16,94.2
5.8,69,-7.17,106.1
6,33,-46.54,165.91
6.1,601,18.49,145.39
5.9,24,-1.18,136.59
6,60,51.82,177.12
5.8,0,73.34,54.73
5.9,37,-8.4,115.83
6.2,26,0.66,126
6.1,17,-10.68,161.35
5.8,33,-10.58,161.75
5.8,0,47.79,48.11
6,0,49.96,79.07
5.8,25,-1.2,136.61
6,71,-13.4,166.7
6.1,94,-7.76,108.18
5.9,92,17.89,-68.61
6,24,-9.5,159.26
6.1,62,-13.32,166.69
6,50,-4.43,102
6.4,32,-23.61,-174.85
6,3,34.03,59.81
6.1,36,-16.73,179.99
6.1,19,-1.94,134.17
6.2,115,5.89,125.33
5.8,120,-31.34,-178.72
6.3,105,4.81,-76.2
5.8,1,-18.93,-176.52
6.2,9,34.08,59.8
6,0,49.88,78.84
5.9,0,34.14,59.92
6.2,126,28.95,140.94
6.2,28,1.62,-79.34
5.8,30,-3.41,102.58
6.2,0,49.92,78.8
5.8,56,3.56,126.86
5.9,33,-4.69,-105.74
5.8,64,1,126.02
6,0,38.75,-27.75
6,72,6,126.13
5.8,42,51.31,-178.5
5.9,36,-17.62,-171.16
5.8,45,-7.89,156.24
6,0,-54.21,158.78
5.8,62,-4.7,153.17
6,74,36.47,76.86
5.8,54,44.51,149.55
5.9,54,-10.68,161.66
6.3,49,43.47,146.59
5.9,35,43.14,146.88
5.9,2,43.22,146.9
5.9,52,-6.02,150.12
5.8,55,-6.04,150.01
6,112,6.33,126.9
5.9,36,-22.67,171.42
6.1,25,52.94,-167.7
6,33,52.78,-167.8
5.8,0,23.86,-45.57
5.8,494,-4.63,154.89
5.9,46,16.09,121.94
5.8,66,9,126.27
6.6,102,-23.53,-177.27
6,33,-10.87,164.22
5.8,75,-8.05,108.79
5.8,38,51.21,173.62
5.9,57,34.5,140.42
5.9,38,-14.52,167.93
6.1,62,-6.03,154.56
5.8,70,-5.96,154.43
6.1,0,37.59,-118.8
6,73,-19.42,-69.33
6,55,-18.61,-174.7
5.9,168,-7.37,128.58
5.9,56,-5.19,152.19
5.8,37,-15.25,-173.53
5.8,29,9.5,126.6
6.1,16,-30.18,-177.91
5.8,0,-58.07,-10.68
6.1,59,-5.24,151.71
5.8,19,34.81,139.29
5.9,185,6.63,125.77
5.9,29,-12.49,166.37
5.8,48,39.29,22.91
5.9,55,-29.32,-177.24
6.3,88,-4.45,143.53
6,97,-29,-69.69
5.8,0,-21.86,-139
6,588,-17.89,-178.6
5.9,76,-12.3,166.5
6.1,131,-20.3,169.61
5.9,53,-13.09,166.34
6.1,23,29.63,81.09
5.9,9,15.93,-88.52
6,39,-15.22,-173.52
6.2,0,49.94,78.86
5.9,69,35.53,140.15
5.8,52,-3.25,142.33
5.8,128,-15.09,167.31
5.9,64,-6.3,154.81
5.8,44,-5.34,103.12
6.3,0,36.16,1.4
6,3,36.25,1.61
5.9,0,49.94,79.1
5.8,117,-6.11,145.54
5.8,74,-6.22,154.85
5.8,46,-21.95,170.09
6.3,65,18.22,-98.2
5.9,32,-22.3,170.39
6.1,60,11.78,125.5
5.8,37,-22.25,169.55
5.9,5,41.15,-124.3
6.1,0,-51.49,28.98
5.9,33,19.57,-69.58
6,1,27.4,88.8
6,0,40.86,15.33
6,221,-19.44,-175.83
5.9,77,-21.35,-68.1
5.9,0,49.87,78.97
6,30,-17.59,-172.31
6,84,-21.4,169.87
6,0,49.44,-129.57
5.8,31,-21.25,-174.41
6.1,82,30.63,140.85
5.9,33,-16.29,178.2
5.9,0,50.01,79.03
6.2,45,45.98,151.47
6.1,229,29.28,128.1
5.9,27,-61.11,-55.54
5.9,38,38.61,142.91
6.1,49,38.71,142.75
6,24,-4.56,139.28
6,35,38.28,142.71
6.4,110,42.48,142.15
5.8,30,38.18,142.87
6,10,-29.68,60.83
6.3,22,51.82,176.15
5.9,6,53.02,162.41
5.9,23,44.61,149.38
5.9,41,-22.11,174.76
5.8,79,-6.04,148.77
6.1,18,38.23,22.97
5.8,59,-13.77,166.5
5.8,32,38.24,23.26
5.9,33,3.93,-85.88
5.9,53,18.82,-103.95
5.9,228,-5.43,146.76
5.9,109,-19.52,-69.01
6.1,45,3.43,128.01
5.8,544,-27.28,-63.27
5.9,22,45.59,152.24
5.9,0,14.23,119.13
5.8,28,37.28,142.28
6,0,49.87,78.9
6.1,45,-13.4,166.44
6,522,-23.7,179.99
6.1,49,43.23,149.94
5.9,217,36.41,71.15
5.8,36,-1.96,-80.99
5.9,223,42.65,139.2
5.9,75,-5.14,154.74
5.9,140,5.82,126.98
5.9,0,-48.55,164.7
5.8,139,-14.75,167.28
6,81,-5.68,151.47
5.8,0,-49.13,164.63
6,10,-36,-17.08
5.8,54,44.66,148.92
5.8,316,16.57,145.48
6,31,29.89,57.72
6.3,114,-22.29,171.65
5.8,140,-15.44,167.48
5.9,11,29.99,57.77
5.8,41,-21.61,169.66
5.8,76,-5.18,151.75
5.8,67,-2.76,139.18
6,102,-22.09,170.9
6,3,48.71,157.37
5.9,33,-22.89,-175.82
5.8,74,-5.32,151.52
6.5,20,-15.08,-173.12
6.6,21,43.53,147.04
6,37,-21.5,169.61
5.9,18,30.66,141.78
6.1,30,35.68,73.6
6.1,0,49.89,78.98
5.8,10,24.84,-46.29
5.9,172,18.34,-68.86
5.8,101,-6.39,130.72
5.9,45,-22.22,170.48
5.9,23,-30.18,-177.96
6.1,274,-29.41,-179.03
5.9,10,-4.76,-112.01
6,0,73.32,54.55
5.8,12,-33.82,-179.44
5.9,15,50.72,160.4
6,18,-4.52,146.2
5.8,38,-9.42,159.34
5.9,606,-20.7,-178.65
5.9,62,-6.43,154.88
5.9,31,-11.4,66.3
5.9,62,-9.98,162.06
6.1,53,40.3,142.33
6.2,18,-33.15,-73.1
6,189,-7.11,129.06
6.1,0,49.88,78.89
6.3,28,18.18,-102.01
5.9,10,-31.38,-110.79
6,10,43.56,-127.7
6.3,21,-20.01,-174.23
6,15,-3.52,143.86
6.2,57,-32.17,-71.43
5.8,7,-2.3,22.83
6.2,39,18.75,120.86
5.9,38,42.98,146.2
5.8,594,-20.81,-178.87
5.9,43,-37.23,179.81
5.9,35,-6.14,152.03
6.1,10,23.96,125.92
5.9,64,-6.39,154.92
5.8,90,-56.4,-26.54
6,10,39.22,25.25
5.9,20,-30.01,-177.63
6.1,8,-30.03,-177.73
6.2,0,49.9,78.86
5.8,0,-2.11,139.79
6.4,30,26.84,142.74
6.1,607,18,145.67
5.8,192,-23.1,-177.27
5.8,177,-12.11,166.67
5.8,36,-3.41,177.55
5.8,10,46.99,-66.65
6.1,38,13.85,124.32
5.9,36,14.01,124.37
5.9,10,13.15,-87.56
6,23,-9.53,152.21
5.8,21,-9.55,152.21
5.8,10,39.96,24.39
6,25,31.68,82.28
6,62,53.26,-165.65
5.9,65,16.73,-61.44
5.8,200,-22.69,-66.62
5.9,34,-10.89,166.01
6.1,46,33.67,141.17
6,117,22.33,143.59
5.9,12,-25.19,-175.55
6.2,105,-56.05,-27.37
6,33,-9.52,118.35
6.3,27,42.23,142.46
5.8,196,-18.54,-175.12
5.8,10,-52.89,-46.98
6,36,-31.55,-178.6
6,85,-12.74,-76.04
5.9,55,-6.41,147.65
5.9,199,0.09,123.31
5.9,86,-15.86,-172.97
6.2,43,19.89,120.54
5.9,42,-28.21,-114.06
5.8,9,19.9,120.49
6.1,0,49.87,78.92
5.9,101,-0.61,123.28
6,10,-60.75,-20.95
5.8,26,-20.24,168.2
5.8,15,-3.36,177.4
5.9,40,48.82,154.93
5.8,46,55.07,165.4
5.9,22,7.79,135.76
5.8,47,38.76,142.22
5.9,44,-41.41,-74.97
6.3,33,-18.11,-172.51
5.8,56,51.57,-177.37
5.8,19,16.51,-98.25
6,20,16.58,-98.34
5.8,80,-5.66,150.99
6.3,125,-17.61,-174.45
5.9,59,-4.7,103.04
6,83,13.29,-89.39
6.3,449,-7.33,126.08
5.9,10,-55.42,160.23
6.4,45,44.56,151.03
6.3,51,51.39,-179.94
6.1,0,49.97,78.86
6.2,554,27.9,137.04
6.2,10,-51.15,160.64
6.2,37,36.36,141.63
6.1,18,51.76,176.08
5.8,43,13.81,146.36
5.9,28,-12.59,166.11
6.1,55,-11.16,115.42
5.8,58,-4.34,153.12
5.9,106,-5.05,143.96
6.1,1,33.71,22.94
6.1,10,6.75,-82.72
5.8,43,36.4,141.44
5.9,52,-2.71,-79.88
5.9,42,43.85,148.32
5.8,42,-15.36,-173.09
5.9,45,-25.55,-176.24
6.4,179,29.4,140.43
5.9,153,-14.53,-70.8
5.9,543,-23.45,-179.87
6,42,-24.39,-176.65
5.8,40,-15.61,168.01
6.1,511,-7.17,125.81
6.1,96,-6.61,101.7
5.9,190,-1.73,-76.73
6.3,14,-10.61,-74.69
5.8,34,-3.72,140
6.1,0,49.89,78.86
5.8,103,-9.87,161.18
5.8,38,-9.28,158.21
5.8,18,14.67,44.23
6.1,35,36.13,68.98
5.9,88,24.56,122.53
5.9,40,-24.15,-175.97
5.8,49,-57.44,-25.77
5.8,20,33.9,139.45
6,13,19.93,121.34
6,55,-15.43,-173.3
5.8,228,-5.45,147.05
6.2,14,38.07,20.25
5.8,55,-57.98,-24.35
6.3,50,16.14,-95.25
6.1,81,12.91,93.59
6,208,-30.44,-179.3
6,40,-29.69,-177.73
5.9,41,10.54,140.96
5.9,46,55.03,-159.19
6,37,54.99,-159.24
5.8,569,8.73,124.03
6,68,5.6,126.3
6,103,-18.65,-69.38
5.9,48,49.23,155.56
5.8,26,44.06,148.09
5.8,29,-3.49,177.64
6.1,21,43.76,147.45
5.9,72,-6.99,147.39
5.8,25,-4.05,127.9
5.9,26,-4.07,127.9
6.5,94,-4.89,153.57
5.8,74,-4.67,153.25
6.2,83,-21.59,-175.32
5.8,36,-6.48,154.64
6.3,44,8.8,-83.11
6.5,82,5.71,94.72
5.9,52,52.92,159.81
6.1,51,49.41,155.58
6,137,-15.04,167.28
5.8,32,11.4,57.52
5.9,38,10.43,-62.71
6.4,102,-4.84,-78.09
5.9,64,-6.52,154.94
5.8,56,53.38,160.3
5.8,11,-10.19,110.84
6.4,45,27.78,62.07
5.8,32,14.92,99.05
5.8,33,-24.01,-175.9
6.4,9,41.5,143.84
6,24,46.41,153.39
6.1,7,36.24,-120.27
5.8,25,-33.89,179.52
6,116,-5.39,150.94
6.1,33,47.41,152.26
5.9,0,-21.85,-138.94
6.6,16,40.48,139.09
5.8,35,40.83,139.33
6.1,135,-16.96,-174.61
5.8,600,-9.52,-71.22
6.3,22,40.25,139.01
6.2,31,40.22,139.04
6.1,46,51.42,-174.11
6.1,0,49.91,78.97
5.8,125,1.55,127.32
6.5,6,41.35,139.1
5.8,43,24.13,122.39
5.8,159,29.74,129.38
6,18,21.77,103.31
6,48,24.17,122.39
5.9,14,60.22,-141.27
6,222,20.19,122.41
6,38,-22.59,171.02
5.8,10,-7.41,27.88
5.8,10,-60.91,-53.1
6.2,37,61.04,-147.37
5.8,46,5.54,126.47
6,9,36.21,-120.36
6.1,190,53.91,158.36
5.8,10,-20.13,-126.94
6,175,20.45,122.14
6,2,40.14,24.75
5.8,43,35.48,139.05
5.8,108,1.8,127.28
5.9,64,-8.69,111.17
6.4,94,55.79,161.33
6.1,26,18.23,120.8
5.9,0,73.38,54.87
5.8,56,3.73,126.64
6.2,128,33.51,131.51
5.9,20,-16.68,-172.05
5.9,73,-17.44,-69.96
6.2,43,60.97,-147.47
5.9,205,36.52,71.1
5.9,167,18.12,145.83
6,515,-23.98,-179.8
6,16,-16.64,-177.38
6,44,24.08,122.16
5.8,35,24.02,122.26
5.8,10,-3.61,151.2
5.8,0,73.35,54.38
5.8,12,33.95,139.51
6.3,5,-26.55,-70.62
6,0,49.91,78.83
5.8,13,-26.16,-70.59
6,7,-8.12,156.35
5.8,8,1.09,121
5.8,55,-23.74,-70.23
5.9,30,-20.57,-173.84
5.9,10,37.59,-17.41
6.4,24,-60.75,-25.6
6.2,33,-60.46,-24.91
6.1,44,-60.69,-25.41
5.8,7,1.16,120.89
6.1,0,49.89,78.9
6.1,10,44.1,-113.81
6,16,40.35,42.18
6,57,-9.1,119.09
5.8,89,-4,-79.4
6.3,4,19.5,-155.44
5.8,5,43.75,148.35
5.9,34,-7.49,130.59
6.2,39,0.48,-79.79
6.2,183,-7.47,128.2
5.8,19,-40.45,155.57
5.8,52,41.8,142.77
6.5,10,-6.85,72.04
5.8,33,-6.61,71.41
5.8,68,14.07,-91.95
6,18,-15.37,-173.03
6.1,34,-6.5,71.4
5.8,44,3.74,148.97
6.1,33,8.14,137.21
5.9,158,-7.63,127.34
5.9,103,-33.09,-70.15
5.9,63,-3.21,145.43
5.8,10,-2.38,145.06
6.2,592,-28.14,-63.15
5.9,599,-27.97,-62.9
5.9,42,-5.51,151.91
6.3,11,11.85,-13.51
6.2,209,36.42,70.75
6.4,386,33.62,136.8
6,0,45.4,151.31
6,43,-2.83,118.76
5.8,112,-3.88,-78.47
5.9,48,36.47,141.24
5.9,26,-3.92,-81.41
5.8,326,-23.68,-178.3
5.8,38,29.28,130.44
5.8,164,36.48,71.05
5.8,568,49.05,146.63
5.9,45,34.57,70.47
6.5,4,-9.96,160.5
5.8,192,36.47,70.86
5.9,164,-6.6,130.15
5.9,0,49.86,78.81
5.8,88,-17.32,-70.53
6.4,656,8.17,123.77
6.1,454,29.35,138.92
5.8,89,-38.27,177.22
6.4,15,40.35,63.36
5.9,41,49.16,155.31
5.9,0,49.87,78.97
5.8,15,17.38,-59.63
5.8,185,-18.95,168.89
6,33,-21.05,168.71
5.9,135,-15.88,-174.35
5.9,578,50.06,148.77
5.9,399,47.44,146.73
6.1,398,30.89,138.48
6,0,49.91,78.91
5.8,21,-6.79,71.48
5.8,10,-51.88,161.08
6.1,0,49.92,79.03
5.8,19,-10.83,164.23
6.1,171,-4.86,151.55
6.2,50,-30.68,-71.2
6,267,-15.83,-174.8
5.8,95,-15.66,-72.45
5.8,25,35.31,23.29
6,10,-58.47,-15.97
5.9,20,18.02,-69.3
5.8,46,16.82,-98.46
5.9,53,-6.1,154.44
5.8,537,-5.76,111.29
6.2,0,49.85,78.92
5.9,93,-56.44,-27.43
6,41,28.11,129.52
5.9,58,-6.55,154.98
5.8,26,1.35,126.4
5.8,0,50.33,-176.86
6.1,260,-0.07,122.52
6.2,45,32.39,131.96
5.9,49,27.47,128.58
6,27,-33.28,-179.28
6.1,15,-17.9,172.12
6,5,40.39,-126.8
6,18,35.78,137.49
6.5,20,34.01,141.64
5.8,41,16.8,147.17
5.8,10,34.02,141.66
5.8,107,13.84,145.38
6.3,21,-25.88,-175.9
5.8,10,-31.6,-110.85
6,26,15.05,-94.28
6.5,80,-15.75,-173.65
5.9,180,-24.05,-66.84
5.8,0,73.37,54.84
5.8,58,1.65,126.32
5.9,7,39.16,71.35
6.2,0,49.92,78.83
6,162,5.76,125.61
6,177,-17.15,-174.07
6.3,10,8.16,-38.77
5.8,0,55.18,163.57
6.1,10,-18.85,67.33
6.3,119,-22,170.91
6.2,42,0.22,98.05
6,422,-18.7,-178.04
6.4,218,5.13,125.17
5.8,10,-30.9,-13.53
5.8,647,-17.74,-178.05
5.8,33,-7.97,102.27
5.9,25,-14.32,171.29
5.9,114,-8.16,-76.12
5.9,0,49.95,79.03
6,10,20.33,-115.79
6.3,36,44.15,148.2
5.8,10,-1.39,-15.02
6.1,0,49.88,78.82
6,0,49.83,78.71
6.2,0,56.19,163.31
6,12,-36.67,177.64
6,25,10.21,-80.03
5.9,179,0.2,123.63
5.8,47,24.11,122.48
5.8,27,-3.66,141.74
5.9,3,-0.95,128.47
5.8,2,-7.49,130.18
5.8,41,-33.07,-68.58
5.8,123,32.55,131.19
5.8,10,-46.01,165.16
5.8,61,-17.54,-174.44
5.8,37,-20.54,-174
5.9,0,49.87,78.84
6,113,-10.25,161.11
5.8,56,27.49,128.48
5.9,44,-33.14,-71.84
5.8,33,-32.95,-71.6
5.8,33,-33.24,-71.78
5.8,77,-33.76,-71.19
5.8,36,55.2,161.95
5.8,12,66.22,-149.98
5.9,10,43.5,-127.62
6.1,20,16.98,-62.46
5.8,40,-32.68,-71.63
6,14,7.76,123.52
5.8,40,-33.15,-71.69
5.9,45,-6.61,105.4
5.8,48,-34.14,-72.1
5.8,138,44.38,146.71
6,165,40.32,140.38
5.8,46,-32.64,-71.67
5.8,475,28.27,139.55
5.8,14,-4.1,136.28
6.2,61,-34,-71.45
5.8,97,-35.63,179.01
6,88,-9.19,114.26
6.4,36,1.65,126.5
5.8,75,-5.16,130.45
6.3,181,15.32,120.63
5.9,0,49.88,78.96
6,10,-39.71,-75.7
5.9,613,-9.21,-71.22
5.8,0,-37.62,179.46
6.1,27,-5.59,151.07
5.9,30,-29.04,77.78
6,54,53.57,160.53
5.9,49,54.04,160.93
6.1,33,-15.3,-173.47
6,110,4.92,127.53
6.1,10,0.97,-28.44
6.1,0,49.85,78.87
5.8,17,30.29,132.72
6,0,49.84,78.69
6.4,46,-4.44,152.81
5.9,28,-17.23,167.83
5.8,45,-29.7,-177.78
6,0,49.92,78.8
5.8,17,-6.24,148.74
5.8,33,-60.3,-27
6.5,102,36.21,70.9
6,107,36.19,70.81
5.8,34,7.46,123.47
5.8,22,16.93,120.19
5.8,24,11.15,140.23
5.9,29,54.15,168.69
6,52,37.77,141.77
6.1,45,-9.16,-78.88
6.2,7,39.49,75.27
6.1,629,-21,-178.99
5.8,30,-15.35,-173.54
5.8,27,39.36,75.44
6,63,17.98,-97.16
6.4,29,18.54,-102.32
6.2,42,17.81,-101.69
6.4,16,-34.61,-178.57
6.2,33,-9.81,159.85
5.8,11,-22.08,-174.6
6.4,10,62.22,-124.27
6,104,-6.76,107.04
6.1,30,54.73,-159.65
6.1,103,-21.55,-176.39
5.8,10,40.32,69.82
5.8,25,37.65,136.9
5.8,254,46.29,146.27
5.9,14,-11.12,125.15
5.8,107,-31.37,-68.61
5.8,595,-7.08,124.28
6,13,36.74,54.81
6.1,20,-9.57,150.97
5.8,0,53.21,-166.92
6.2,49,-35.21,-179.32
5.8,17,7.73,137.02
5.8,52,27.94,140.61
5.9,10,-1.83,134.84
5.9,0,-21.86,-138.92
6,33,-14.03,166.22
6.2,43,-13.98,166.19
5.8,441,26.96,140.48
5.8,25,3.69,126.65
5.8,31,11.71,-85.86
6.1,44,-14.06,166.23
6.2,52,-13.98,166.51
5.9,51,-30.67,-178.03
6.2,6,62.19,-124.27
6,10,-35.1,54.26
5.9,25,-5.75,104.18
5.8,116,-5.53,150.69
5.8,33,-5.61,131.43
6,144,-21.37,170.31
5.8,13,51.54,-173.11
5.9,97,-10.16,161.01
5.8,527,27.87,139.51
6,51,36.43,140.98
5.8,41,24.02,122.23
