REGRESSION,Column 2,Column 3,Column 4,Column 5,Column 6,Column 7,Column 8,Column 9,Column 10
74.3,88.2,57.2,53.6,0,29.96,7.3,9.09,16.1,34.28
75.2,88,58.6,54.9,0,29.84,7.3,10.7,18.3,34.28
76.1,91.6,62.1,60.4,0,29.76,7.2,8.29,18.3,34.28
47.1,64.4,42.8,37.4,0.2,30.15,7.8,21.1,27.5,34.28
83.9,94.1,72.3,46.8,0,29.86,7.2,17.2,25.3,34.28
70.8,81.3,62.6,37.4,0,30.01,6.8,21.2,27.5,34.28
59.7,62.6,53.6,51.4,0.2,29.8,7.9,17,25.3,32.22
44.9,53.6,35.6,30.3,0,30.13,7.6,16.1,20.8,34.28
47.8,53.4,44.1,45.4,0,29.97,7.7,9.09,16.1,34.28
77.8,91.4,59.9,54.1,0,29.79,7.3,7.37,20.8,34.28
53.7,61.2,45.3,43.8,0.6,29.94,7.8,9.67,16.1,34.28
40.1,47.1,32.9,27.4,0,29.95,7.3,16.6,25.3,29.92
85.5,101,69.4,57.9,0,29.76,7.3,6.44,16.1,34.28
57.4,72.3,42.6,42.6,0,30.02,7.2,7.02,16.1,34.28
36.9,42.8,33.8,27.6,0,29.73,7.1,28.6,34.4,50.52
58.5,71.6,46.4,49.1,0,30.12,7.4,4.49,9.21,34.28
64.7,85.5,47.8,47.4,0,30.09,7.3,4.37,16.1,34.28
50.1,59.4,39.9,46.5,0.8,29.89,7.8,10,16.1,34.28
43.7,46.6,41,40.3,0.2,30.28,6.2,9.55,18.3,34.28
47.4,60.8,34.2,37,0,29.97,7.8,2.65,9.21,34.28
83.2,100,65.5,56.5,0,29.87,7.3,7.6,18.3,34.28
54.3,59.2,51.3,51.6,0.3,29.72,7.8,5.64,9.21,34.28
36.9,46.4,30.2,28.1,0.1,30.12,7.3,10.8,20.8,34.28
63.2,74.5,48.2,59.8,0.1,30.08,7.6,6.56,18.3,34.28
61.2,73.4,50,46.2,0,30.07,7.2,14,23,34.28
46.3,52.2,40.8,42.4,0.1,29.66,4.9,7.94,13.8,34.28
69.6,77,62.6,58.8,0.09,29.82,7.9,11.8,18.3,34.28
42,50,37.2,30.9,0,30.17,7.3,18.9,57.4,34.28
63.5,75.9,51.1,53.7,0,29.8,7.3,9.09,23,34.28
83,94.1,71.4,51.3,0,29.77,7.1,15.5,23,34.28
66.5,79.3,43.2,58.4,0,29.93,7.2,8.75,16.1,34.28
43.7,50,38.1,32.2,0,30.07,7.7,16.6,25.3,34.28
81.5,93.2,66.7,50.8,0,29.72,7,13.6,27.5,34.28
73.6,87.8,61.7,61,0,29.95,7.2,5.75,16.1,34.28
76.8,86,60.8,59.2,0,29.89,7.3,12.7,23,34.28
56.1,64.4,46.4,47.7,0,29.96,7.5,11.8,18.3,34.28
47.9,57.4,37.4,32,0,30.01,7.1,12.6,20.8,34.28
48,51.8,42.8,42,0,30.04,7.7,13.2,18.3,34.28
56.1,64.4,47.7,45.8,0,30.08,7.3,13.3,20.8,34.28
79.8,88.9,70,54.6,0,29.91,7,16.5,23,34.28
85.4,95.2,75.4,62.8,0,29.83,7.4,16.9,23,34.28
48.4,54,44.6,35.7,0,30.06,7.6,24.2,59.7,34.28
74.1,83.1,66.2,57.6,0,29.92,7.4,19.1,23,34.41
69.9,83.5,56.5,52.9,0,30.01,7.1,4.83,11.3,34.28
43.3,48.4,39.7,35.3,0.1,29.95,7.3,12.7,25.3,34.28
41.3,47.8,35.8,31.9,0.6,29.97,7.6,19.9,27.5,39.13
42,48.2,34.9,35,0.1,30.04,7.7,8.29,16.1,34.28
38.8,46.4,33.8,27.8,0,30.24,7.7,13.4,20.8,34.28
50.5,60.8,42.8,46.8,0,30.2,7.5,4.83,9.21,34.28
69.9,84.2,55.2,54.2,0,29.77,7.7,10.3,20.8,34.28
74.2,86.9,65.7,55.4,0,29.97,7.6,6.33,13.8,34.28
75.5,92.1,61.7,44.5,0,29.82,7.8,5.52,13.8,34.28
73.6,86.2,61.3,57.6,0.09,29.93,7.3,7.71,18.3,34.28
56.8,72.5,46.2,50.5,0,30.15,6.7,1.96,9.21,34.28
72.4,88.9,55.6,57.4,0,29.95,6.8,5.52,11.3,34.28
45.8,53.2,39.2,39.3,0.6,30.07,7.4,13.3,23,34.28
45,60.8,28.8,35.4,0,30.26,6.7,4.49,16.1,34.28
48.5,57.2,39.9,43.5,0.2,29.74,7.8,4.95,11.3,34.28
84.1,98.6,63.7,54.6,0,29.9,7.3,9.55,18.3,34.28
52.9,61.7,47.3,48.1,0,30.29,3.1,8.06,16.1,34.28
85.4,95.9,73.8,54,0,29.75,7.3,16.6,25.3,32.22
41.2,54,29.8,34.2,0,30.18,6.4,3.57,9.21,34.28
45.8,53.1,37.4,41.2,0.2,30.08,7.4,5.87,13.8,34.28
75.5,93.9,56.8,52,0,29.89,7.3,7.37,16.1,34.28
52.5,60.8,45.3,42.8,0,30.01,7.2,15.4,23,34.28
65,77.9,53.1,56.5,0,29.98,7.7,5.87,13.8,34.28
50.4,55.6,42.4,44.9,0,29.96,7.6,5.64,9.21,34.28
61.9,70.2,53.6,48.8,0,29.94,7.6,8.63,13.8,34.28
58.7,68.9,48.2,44.7,0,29.8,8,15.4,25.3,34.28
70.3,78.8,57.2,51.3,0.1,29.87,7.4,14.6,25.3,34.28
53,63.5,45,45.7,0,29.89,7.1,11.8,18.3,34.28
89,102,69.3,57,0,29.83,7.5,17.9,29.9,34.28
57.1,62.6,54.1,54.1,0.1,30.09,2.5,2.88,11.3,34.28
69,79.5,57.4,58.2,2.6,29.94,7.3,11,20.8,34.28
65.5,73.4,57.2,54.6,0.2,29.67,7.8,16.1,34.4,46.03
56.4,66.7,48.2,45.9,0,30.18,6.7,11.6,18.3,34.28
83.1,93.2,70.5,49.2,0,29.76,7.3,15.7,20.8,34.28
46.4,53.1,39.4,41.4,0,30.23,7.3,6.21,13.8,34.28
46.6,52.9,42.8,40.3,0,29.67,7.6,16.6,23,34.28
56.7,68,44.6,44.5,0,30.31,6.7,12.5,23,34.28
54.5,56.5,51.6,52.9,0.4,29.88,4,7.94,16.1,34.28
42.2,55.6,30.2,35,0,30.28,7.8,1.61,4.72,34.28
64.4,76.3,50,54.4,0,29.74,7.1,6.1,16.1,34.28
72.9,85.3,65.1,54.2,0,29.86,7.5,19.5,23,34.28
62.6,73.6,53.6,45.2,0,30.12,7.1,14.6,23,34.28
44.6,50.9,39.2,34.6,0,30.17,7.2,20,29.9,34.28
73.5,89.8,58.1,51.7,0,29.95,7.2,7.14,13.8,34.28
86.4,96.8,72,46.5,0,29.74,7.3,15.7,20.8,25.32
46.4,59.4,35.2,40.5,0,30.01,4.5,10.2,20.8,34.28
83.9,93.2,73.6,54.5,0,29.8,6.9,20.4,25.3,34.28
53.6,58.3,50,50.6,1.3,29.96,7.2,8.75,13.8,34.28
83.5,97.3,68.5,56,0,29.8,7.3,11.3,23,34.28
48,60.6,36.5,40.5,0,30.12,7.6,10.8,19.81,34.28
55.3,65.5,42.8,47.1,0.1,30.07,7.7,4.95,9.21,34.28
50.6,57.7,45.7,38.4,0,29.88,7.7,16.4,23,34.28
70.9,79.9,62.6,55.5,0,29.95,7.8,20.4,27.5,41.31
66.4,75.2,58.8,43,0,29.91,7.1,17,23,34.28
58.2,64.8,53.6,55.3,1.1,29.88,6.9,7.94,13.8,34.28
63.5,73.9,48.7,46.4,0,29.86,7.6,11.1,18.3,34.28
77.8,89.1,65.8,60.7,0,29.89,7.4,9.44,18.3,34.28
75.6,88.7,58.6,51.8,0,29.9,7.2,8.17,13.8,34.28
52.4,62.2,45.3,49.5,0.6,30.19,4.3,4.03,13.8,34.28
66.3,77.4,56.1,43.4,0,30.05,6.9,16.1,23,25.32
52.9,62.6,42.6,47.6,1,29.79,7.7,14.3,25.3,34.28
49.4,61.2,33.4,35.9,0,30.03,6.7,6.21,13.8,34.28
52.5,60.8,45,36.2,0,30.14,7.4,19.2,25.3,34.28
57.8,61.2,53.6,52.2,0,30.13,7.6,8.06,13.8,34.28
54,60.8,41,48,0,30.15,7.5,7.71,16.1,34.28
40.7,55.4,26.6,29.6,0,30.23,7.3,6.33,13.8,34.28
76.2,85.3,67.1,64.3,0,29.85,7.8,12.4,20.8,34.28
66.4,76.1,53.6,33.3,1,29.74,7.6,9.44,20.8,34.28
67.3,79.2,51.8,52.9,0,29.97,7.6,4.49,6.9,34.28
48.7,57.2,39.2,39.6,0.7,30.02,7.6,11.7,20.8,34.28
74.6,86.7,60.3,55.5,0,29.99,7.2,13.3,23,34.28
85.5,96.8,72.7,57.9,0,29.82,7.1,19.4,25.3,34.41
46.7,55.9,37.4,41.3,0,30.04,7.5,8.75,16.1,34.28
54.2,63.7,44.6,50,0.9,29.94,7.8,6.9,18.3,34.28
40.6,48.2,29.7,25.8,0,29.97,7.4,7.37,13.8,20.83
64.4,71.6,58.3,51.6,0,29.8,7.7,16.3,29.9,34.28
46.8,48.9,32,46.5,0,29.9,2.9,5.75,13.8,34.28
68.5,81.1,54.3,53.6,0,30.01,7.4,8.17,13.8,34.28
37.7,44.4,35.1,26.2,0,30.18,7.8,18.4,25.3,34.41
77.5,94.1,60.6,52.7,0,29.85,7.4,6.67,16.1,34.28
74,83.7,64.4,63.3,0.1,29.79,7.4,8.75,18.3,34.28
41.5,54,27.9,35.4,0,30.21,6.1,3.22,11.3,34.28
42.6,57.4,29.3,35.2,0,30.05,5.8,5.06,11.3,34.28
78.3,89.8,68.7,53.5,0,30.06,7.4,16.8,27.5,39.13
71.7,80.6,64.4,48.9,0,29.81,7.7,24.1,29.9,34.41
50.8,57.7,46,43.8,0.1,29.78,7.5,15.4,23,34.28
46.8,50,41.9,46.7,1.1,29.63,7.1,7.71,13.8,34.28
55.1,61.2,50.5,51.4,0.1,29.77,7.4,10.3,20.8,34.28
50.7,60.8,36.7,45,0.2,29.78,7.8,14.3,25.3,34.28
62.7,77.2,49.8,54.6,0,30.15,6.4,4.26,11.3,34.28
47.4,55.4,40.8,40.3,1.1,29.96,7.7,5.29,11.3,34.28
51,58.5,42.8,43.8,0.09,29.98,7.5,8.63,16.1,34.28
51.2,60.1,45.1,48.1,1.5,30.2,8,6.44,13.8,34.28
71.2,82.2,62.6,55.3,0,29.89,7.6,12.2,18.3,34.28
50.7,62.8,42.1,48.1,0,30.29,6.3,4.95,11.3,34.28
56,68.4,50,50.3,0,29.89,7.4,7.83,16.1,34.28
80.6,92.5,64.8,56.2,0,29.87,7.3,10,18.3,34.28
82.6,96.3,68,52.6,0,29.78,7.1,12.8,20.8,34.28
79.3,95.5,64.4,51.8,0,29.96,7.1,9.78,20.8,34.28
83,95,68,53.9,0,29.92,7.3,12,18.3,34.28
40.5,46.8,33.8,30,0,30.32,7.4,14,20.8,34.28
50.5,61.7,38.1,40.4,0,30.01,7,4.49,11.3,34.28
53.2,65.5,42.3,42.4,0,30.19,7.4,13.8,25.3,34.28
42.3,57.2,26.6,29.8,0,30.37,7.2,6.67,18.3,34.28
80.2,92.5,64.4,61,0,29.53,7.2,12,23,34.28
86,99,75.2,49.5,0,29.83,7.1,12.8,20.8,34.28
45.1,56.8,33.1,23.5,0,30.31,7.1,13.6,25.3,34.28
48,55.4,44.6,46,1.1,30.11,7.6,9.09,16.1,34.28
75,86.5,61.3,57.1,0,29.92,7.4,12.2,28.8,34.28
81,91.4,68,38.6,0,29.83,7.3,23.2,32.2,41.31
66.2,77,51.6,46.8,0,30.05,7.4,9.55,18.3,25.32
76.7,87.8,65.8,61.8,0,29.82,7.2,10.3,23,34.28
79,88.3,68.2,40.8,0,29.99,7,21.1,27.5,34.28
51.8,65.8,37.4,44.9,0,30.25,5,5.64,13.8,34.28
46.2,55,40.3,29.4,0,29.99,7.5,23,29.9,39.13
72.3,86.4,57.2,57.1,0,29.96,7.2,10.5,16.1,34.28
72.8,84.2,66,52.5,0,29.81,7.6,19.7,25.3,34.28
83.4,95,75.2,54,0,29.8,7.1,17.4,23,34.28
65.6,76.1,56.7,56.9,0,29.87,7.1,4.37,9.21,34.28
79.4,91,65.5,51.4,0,29.91,7.2,14.9,25.3,34.28
52.7,62.8,40.1,41.8,0,30.04,7.2,11.2,16.1,34.28
78.1,90.5,65.5,48.1,0,29.98,7.3,15.1,23,34.28
71,84.2,57.6,47.2,0,29.95,7.8,8.17,16.1,34.28
43.8,50.7,37,34.4,0,29.95,7.6,13,18.3,34.28
83.7,95.4,71.2,57.3,0,29.65,7.2,15.5,20.8,34.28
80.1,90.1,70.7,54.3,0,29.72,7.3,18,23,29.92
86.5,104,68.5,48.6,0,29.85,7.3,9.44,18.3,34.28
66.2,73.9,57.2,54.5,0,29.91,7.5,14.6,25.3,27.5
76.3,88.5,60.8,51.2,0,29.93,7.2,13.9,25.3,34.28
63.2,82.4,46.2,48.3,0,30.06,7.1,6.9,13.8,34.28
52.5,58.1,46.4,51.7,2.7,29.77,7.4,8.17,16.1,34.28
79.9,91,68.9,60.2,0,29.81,7.3,11.2,23,34.28
51.9,61.5,43.9,40,0,30.02,7.2,19.9,25.3,34.28
51.4,61.2,44.4,46.7,0,30.09,7.1,3.11,13.8,34.28
51.4,60.8,43.9,29.6,0,30.14,7.5,24,29.9,34.28
73.5,86.9,54.7,50.1,0,29.91,7.7,6.56,16.1,34.28
87.8,100,74.5,54.2,0,29.92,7.2,13.8,23,34.28
53.5,54.7,51.8,51,4.2,29.7,7.3,11,16.1,34.28
75.2,85.8,63.3,53.4,0,29.98,7.4,15.5,20.8,34.28
52.3,58.8,45.9,48.3,0,29.92,5.2,7.71,16.1,34.28
58.4,69.8,46.4,49,0,29.91,7.6,5.98,13.8,34.28
79,92.5,62.2,59.8,0,29.88,6.8,10.9,20.8,34.28
78.9,94.5,66.2,49.5,0,29.84,7.2,11.5,29.9,34.28
58.6,70,46,48.7,0,29.87,8,7.25,13.8,34.28
72.3,90.3,56.1,53.6,0,29.91,6.9,6.1,16.1,34.28
51.2,55.6,41.5,48.2,0.2,29.77,7.1,11.3,20.8,34.28
50.8,62.4,41,44.7,0,30.19,6.3,3.11,9.21,34.28
44,54,35.4,28,0,30.06,7.4,16.9,47.1,34.28
51.2,57.9,45.9,48.7,0.3,29.62,7.7,8.17,18.3,34.28
63.1,76.3,52.9,54.9,0,30.06,6.1,6.56,13.8,34.28
52.7,64.4,37,45.3,0,30.06,7.6,11,18.3,34.28
67.9,82.4,51.8,52.4,0,30.06,6.9,4.37,39.1,34.28
59,63.7,54.1,52.1,1.6,29.71,7.8,7.94,31,34.28
62.1,66,58.1,50.7,0.1,29.94,7.8,16.1,27.5,34.28
66.7,80.8,51.1,47.8,0,29.87,7.2,4.03,9.21,34.28
49.4,60.8,41,44.9,0.2,30.16,7,4.6,11.3,34.28
66.2,81,51.1,55.7,0,29.99,6.5,6.44,13.8,34.28
76.6,86.5,62.6,56.2,0,30.06,7.1,15.7,23,34.28
60.3,64.4,54.5,51.6,0,29.91,7.8,11.3,25.3,34.28
66,76.6,59,42.2,0,30.12,7.1,18.7,23,34.28
41.8,46.4,34.2,34.3,0.6,29.94,8,12.7,18.3,34.28
58.5,67.8,48,52.3,0.09,30.17,7.8,4.26,9.21,34.28
56.4,64.2,51.8,49,1.1,29.94,7.6,15.7,23,34.28
40.1,43.2,37.6,26.7,0,29.87,7.9,24.1,32.2,46.03
40.4,52.9,24.8,24.6,0,30,7.2,6.56,16.1,34.28
66.9,82.4,51.3,53.6,0,30.03,7.3,5.18,13.8,34.28
37.3,48.2,27.5,31.3,0,30.12,7.3,6.21,13.8,34.28
41.4,48.9,32,28.4,0,29.9,7.6,18.1,29.9,41.31
54,68.7,41.2,47.5,0,30.3,6.2,7.02,16.1,34.28
72.7,86.2,62.1,59.9,0,29.94,7.3,12.2,35.5,34.28
67.9,80.8,53.2,55.5,0,30.06,6.5,10.5,20.8,34.28
71.7,79.9,62.2,56.1,0,29.96,7.4,19.7,27.5,39.13
72.9,79.9,66.4,56.4,0,29.74,7.5,19.7,27.5,29.92
50.1,68.5,37.4,40.2,0,30.19,4.5,1.96,6.9,34.28
52.8,67.6,36.1,44.4,0,29.91,7,6.79,13.8,34.28
42.3,45.3,38.7,38,0.3,29.81,6.7,5.52,19.81,34.28
83.2,94.5,72.3,57.2,0,29.83,7.2,18.8,25.3,34.28
71.6,87.8,58.5,57.6,0.09,29.79,7.8,7.14,19.81,34.28
57.2,64.4,51.8,48.1,0,30.01,8,13.3,20.8,34.28
64.4,79.5,51.8,49.1,0,29.98,7.6,5.52,13.8,34.28
38.9,52.9,27.9,31,0,30.1,6.5,4.26,13.8,34.28
40.6,55.8,25.5,29.8,0,29.99,7.3,4.14,11.3,34.28
66.7,81,53.2,50.3,0,30,7.5,8.06,16.1,34.28
65.2,74.5,50.7,55.5,0.09,29.82,7.7,11.9,23,34.28
81.6,92.3,73.2,43.7,0,29.9,7.2,18,23,34.28
39.9,49.5,29.3,31.7,0,30.18,7.3,9.55,18.3,34.28
79.6,88.9,66,56.9,0,29.78,7.3,15.1,23,34.28
65.6,81.1,47.5,50.8,0,30.07,7.2,5.52,16.1,34.28
50.5,59.2,42.1,37.4,0,30.09,7.3,18.4,25.3,34.28
53.4,64.4,42.8,40.6,0,30.06,7.3,11.1,18.3,34.28
68.1,79.3,52.3,49.9,0,29.95,7,14.3,20.8,34.28
59.1,72.3,46,48.2,0,29.8,7.7,7.94,18.3,34.28
73.9,81.1,69.8,58.4,0,29.88,7.7,14,18.3,34.28
48.7,55.9,44.6,42.9,0,30.16,7.8,14.5,20.8,34.28
44.1,50,39.2,27.4,0,30.11,8.2,26,68.8,34.28
44.8,50,39.2,32.3,0,30.42,7.7,24.6,29.9,41.31
49.6,66.6,37.4,38.6,0,30.13,6.1,3.68,16.1,34.28
65.5,78.8,49.1,50.5,0,30,7.3,10.4,18.3,34.28
46.9,57.2,35.6,35.6,0,29.95,7.4,13.5,20.8,34.28
45.1,59.4,31.5,40.3,0,30.13,5.7,3.45,11.3,34.28
62.2,77,48.2,47.7,0,30.02,7.2,6.67,16.1,34.28
52,61.5,40.8,36.1,0,29.94,7.3,12.5,18.3,34.28
83.2,93.2,75.2,60.2,0,29.8,7.3,17.6,23,34.28
82.4,96.8,66.2,51.5,1.4,29.89,7.4,8.52,16.1,34.28
71.6,84.4,59.9,48.6,0,29.83,7.4,10.8,18.3,34.28
80.3,91,70.2,55.6,0,29.87,7.3,16,23,34.28
81,91.9,72.3,51,0,29.9,7.2,19.2,25.3,34.28
66,75.7,56.3,42.9,0,29.94,7.4,14.3,18.3,34.28
81.3,91.4,70.2,52.9,0,29.94,7.3,14,20.8,34.28
79,93.2,67.3,59.6,0,29.81,7.3,7.25,18.3,34.28
42.3,44.6,40.3,38.6,1.1,29.79,7.8,19.9,23,34.28
38.3,41,33.8,33.2,0.1,29.77,8.1,18.6,23,34.28
86.2,99,71.6,58.3,0,29.62,7.3,18.5,25.3,34.28
33.9,45.1,23.5,24.9,0,30.33,6.9,5.98,13.8,34.28
82.7,94.1,71.6,45.7,0,29.96,7.2,20,25.3,34.28
36.4,46.9,28.8,30.9,0,30.3,7.4,5.75,13.8,34.28
57.8,67.3,46.4,47.1,0.09,30.07,7.7,9.09,16.1,34.28
45.2,52.3,38.1,33.4,0,30.03,7.6,14.5,20.8,34.28
77.2,89.1,59.2,50.1,0,29.98,7.3,11.6,23,34.28
47.7,57.2,35.1,34.8,0,30.12,7.4,11.7,23,34.28
77.3,91.4,61.5,50.9,0,29.84,7.2,6.79,16.1,34.28
55.3,62.4,50,50.5,0.3,29.96,5.7,11.5,18.3,34.28
51.4,61.9,39.2,48.8,0.5,30,6.3,6.44,11.3,34.28
52.1,66.9,35.8,40.4,0,29.99,7.1,7.14,13.8,34.28
71.7,80.2,63.3,60.1,0,29.79,7.7,14.2,27.5,39.13
66,79.9,51.8,43.9,0,29.82,7.1,6.56,16.1,34.28
78.8,92.8,62.6,58.2,0,29.97,6.8,14.5,25.3,29.92
46.6,55.4,38.5,33.2,0,30.2,7.5,13.9,23,34.28
48.5,57.2,37.6,44,0,30.09,6.4,14.8,25.3,34.28
60.6,77,43.5,48,0,30.22,6.9,4.49,13.8,34.28
74.6,86.4,63,39.8,0,29.67,7.7,9.78,18.3,34.28
82.9,95,72.5,46.3,0,29.89,7.1,18.9,23,34.28
64.6,82.4,48.2,46.3,0,29.94,7.2,7.48,16.1,34.28
40,50,26.6,35.7,0,30.2,6.8,7.94,27.5,34.28
49.8,54.7,45.5,48.1,0.6,29.91,7.6,3.57,11.3,34.28
55.8,64.4,50.5,49.7,0.1,29.71,6.2,15.1,27.5,39.13
82,100,65.5,57,0,29.6,7.3,5.52,11.3,34.28
45.9,55.4,36.1,34,0,29.93,7.7,12,18.3,34.28
49.7,57.6,37.9,45.6,0,30.12,7.2,5.18,9.21,34.28
72.9,83.3,60.8,51.6,0,30.02,7.2,17.6,25.3,34.28
80.5,95,58.8,54.8,0,29.88,7.2,5.87,16.1,34.28
85.4,96.6,75.4,51.7,0,29.82,7.2,20.2,27.5,34.28
54.5,63.5,46.4,49.9,0.6,29.68,5.9,7.71,13.8,34.28
52.9,62.6,41.5,45.7,0,30.19,7.1,6.44,13.8,34.28
40.2,55.4,28.4,32.3,0,30.04,5.5,3.68,11.3,34.28
58.9,71.6,41.2,48.4,0,29.99,7.4,7.25,16.1,34.28
84,95,69.8,53.9,0,29.73,7.5,10,18.3,34.28
63.6,79.2,49.8,52.6,0,30.17,6,4.95,11.3,34.28
59.5,68.2,50,46.8,0,30.16,6.9,14,20.8,34.28
62.3,69.8,53.6,59.1,0.9,29.82,6.9,12.6,20.8,34.28
52.5,57.7,47.5,50.1,1,29.62,6.5,15.8,23,34.41
46.1,54.7,33.1,42,0.09,30.09,6,6.56,16.1,34.28
72.9,86.5,54.7,53.8,0,30,7.1,8.98,18.3,34.28
71.9,83.5,53.1,55.4,0,29.96,7.5,10.5,20.8,34.28
60.1,65.1,51.8,55,0,29.99,7.8,7.14,16.1,34.28
82.3,93.9,71.6,49.8,0,29.71,7.2,18,25.3,29.92
45.5,60.4,31.5,40.4,0,30.17,6.5,4.03,9.21,34.28
80.2,91.4,71.1,55,0,29.76,7.3,18.5,25.3,32.22
60.7,64.4,57,51.3,0.7,29.8,7.9,14.7,20.8,32.22
38.6,52.5,26.6,33.3,0,30.27,5.1,2.88,6.9,34.28
40.3,48.2,32,30,0,30.22,7.7,13.4,20.8,34.28
52.2,68.4,34.7,40.2,0,30.17,7.2,7.14,46,34.28
54.9,64.9,42.4,40.7,0,30.04,7.5,13.8,20.8,34.28
59.5,66.4,53.2,48,0.09,29.86,7.6,19.5,27.5,43.62
53.5,68.5,38.1,42.6,0,30.03,8.1,4.37,13.8,34.28
47.6,55.8,34,42.5,0,29.93,7.5,12.2,18.3,34.28
49.9,54.3,45.3,38.8,0,29.9,7.8,25.8,29.9,41.31
58.3,71.2,44.2,51.3,0,30.05,7.1,7.14,13.8,34.28
79.1,96.3,64.6,55.7,0,29.75,7.6,4.37,16.1,34.28
40.6,45.5,37.4,33.1,0.2,29.9,7.8,20.2,27.5,34.28
54.4,64.4,42.8,44.5,0,30.01,7.5,10.3,16.1,34.28
52.7,62.6,42.3,43.2,0,29.93,7.5,11,25.3,34.28
47.2,55.4,38.5,36.8,0,29.95,8.1,8.75,20.8,34.28
52.1,64.4,36.5,37.8,0,30.02,7.3,8.4,16.1,34.28
55,64.8,41.7,47.7,0.09,29.89,8,12,20.8,34.28
77,86,71.6,61.7,0,29.97,7,19.4,29.9,34.28
45.9,55.4,30.7,39.4,0,30.16,7.1,5.06,13.8,34.28
68.1,80.2,56.5,51.6,0,30.09,7.3,7.02,18.3,34.28
30,45.7,15.8,17.2,0,30.43,7.3,3.34,11.3,34.28
41.7,45.9,37.4,36.6,0.09,29.76,7.6,14,18.3,34.28
53.5,65.1,42.6,51.2,0.2,30.12,5.7,3.8,9.21,34.28
76.2,87.8,66.2,59.4,0,29.98,7.2,10.4,18.3,34.28
52.6,60.8,41,39.3,0,30.15,7.6,12.3,18.3,34.28
75.1,82.6,68,61,0,29.82,7.5,12.8,25.3,34.28
73.8,80.6,69.8,61.7,0,29.82,7.8,17.8,27.5,41.31
83,93.2,73.4,60,0,29.75,7.3,16.9,20.8,29.92
49.9,59.7,35.4,38.9,0,29.87,7.7,17.8,32.2,34.41
62.1,74.3,49.3,49.5,0,29.92,7.8,9.55,18.3,34.28
76.6,91.6,59,51.7,0,29.87,7.3,9.55,18.3,34.28
74.3,85.6,62.4,52.8,0,29.94,7.4,10.4,16.1,34.28
38.9,47.5,33.6,17.9,0,30.28,7.4,20.6,27.5,34.28
63,73.9,50,47.3,0,30,7.6,13.2,25.3,34.28
76.1,88.7,61.2,58.7,0,29.75,7.3,7.14,23,34.28
40,43.5,37,33,0,30.16,7.6,15.4,29.9,34.28
80.9,99.3,62.4,50.5,0,29.81,7.2,6.56,16.1,34.28
62,69.8,51.4,52.4,0,29.9,7.4,7.71,13.8,34.28
42.7,48.4,37.4,37.2,0,30.18,6.6,4.49,9.21,34.28
50,62.6,39.2,34.7,0,30.2,7.2,12.6,20.8,34.28
41,46.4,34.7,31.9,0,30.4,7.8,3.68,6.9,34.28
32.3,39.2,24.8,15.2,0,30.3,7.4,14.7,20.8,34.28
78.8,89.6,68.7,48,0,29.93,7.2,23.8,32.2,41.31
34.8,45.5,26.6,25.4,0,30.08,7.4,9.78,18.3,34.28
71.1,84.6,57.6,54.5,0,29.91,7.5,7.14,16.1,34.28
50.8,58.6,46.4,41.1,1,30.06,7.7,20.1,27.5,34.28
64.6,73,57.2,57.9,0.3,29.86,7.7,16,23,34.28
50.2,53.6,45.5,46.62,0,29.96,6.2,2.76,11.39,34.28
43.2,51.1,35.6,42.2,0.09,30.06,3.7,2.07,6.9,34.28
59.7,73.6,47.8,50.5,0.09,30,7.3,3.8,11.3,34.28
47.7,50,46.2,47.3,1.3,30.02,6.9,13.3,23,32.22
50.2,61.7,39.6,46.6,0,30.29,8.7,4.03,11.3,34.28
71,86,52.3,45,0,30.02,7.4,4.95,11.3,34.28
52.7,66.4,35.2,40.1,0.09,30.18,6.7,6.79,13.8,34.28
53,58.8,49.8,51.1,0.4,29.92,7.5,12.5,20.8,34.28
41.8,49.3,35.6,30.6,0,29.97,7.8,18.8,23,29.92
53,59.2,49.6,47.4,0.5,29.7,7.6,14.1,20.8,34.28
49.8,60.8,45,43.8,0,29.95,7.8,5.18,16.1,34.28
78.8,89.2,66.4,59.5,0,29.73,7.3,14,25.3,34.28
47.5,53.6,39.2,40.9,0.4,29.75,7.6,17.6,23,34.28
48.7,55.9,42.8,42.2,0.9,30.09,7.7,15.5,25.3,34.41
55.2,66.7,42.3,47.2,0.09,30.14,7,6.44,11.3,34.28
80.5,95.7,61.2,49.8,0,29.92,7.1,8.29,18.3,34.28
79.8,91.4,65.3,56,0,29.78,7.2,13.4,23,34.28
55.1,65.5,42.3,43.5,0,30.12,7.2,12.7,20.8,34.28
82.5,93.6,73.4,54.9,0,29.71,7.2,18.7,23,34.41
54.9,66.6,43.9,47.1,0,29.95,6.8,8.52,18.3,34.28
41.5,54.1,31.1,37.5,0,30.04,5.5,2.53,9.21,34.28
53.1,61.9,46.4,39.8,0,30.25,7.3,16.9,23,34.28
70.3,84.4,56.8,54.9,0,29.89,6.7,6.67,20.8,34.28
48.5,59,39.2,29,0,30.2,6.9,17.4,25.3,34.28
81.6,91.4,73.2,58.5,0,29.86,7.7,18.8,23,34.28
53.3,67.1,38.5,44.3,0,30.09,6.7,10.8,19.81,34.28
56.3,70.7,40.1,45.6,0,30.17,7,7.48,16.1,34.28
60,70.2,52.9,50.8,0.09,29.95,7.7,5.64,16.1,34.28
38.7,48.7,30.2,27.6,0.09,30.19,7.6,3.68,11.3,34.28
58.9,68.4,49.1,48.9,0,30.02,7.7,13.9,18.3,34.28
61,74.8,47.1,50.7,0,29.81,7.3,5.06,13.8,34.28
47.1,59,32,38,0,30.02,7.4,7.14,18.3,34.28
52.7,69.4,38.8,43.5,0,30.14,6.4,5.18,16.1,34.28
80.1,92.8,64.2,48.8,0,29.78,7.2,14,25.3,34.28
72.6,86.5,59,42.1,0,29.94,6.8,13.6,20.8,34.28
71.9,82.9,62.4,40.9,0,29.73,7.8,7.48,16.1,34.28
54.9,62.6,47.8,51.5,0.5,29.8,7.8,9.44,16.1,34.28
75.7,89.6,60.3,55.4,0,29.85,7.3,5.75,13.8,34.28
53.6,65.8,43.9,46.9,0,30.17,7.7,5.41,16.1,34.28
84.2,95.5,73.6,41.5,0,29.76,7.1,17.6,25.3,29.92
74.3,85.3,64.4,47.8,0,29.99,7.1,16.2,25.3,34.28
49.5,56.7,42.6,46.7,1,29.48,7.7,12.5,27.5,34.28
69.2,87.1,50.2,43.7,0,29.94,7.2,4.83,13.8,34.28
45,53.2,39.2,23.6,0,30.06,7.6,27.7,39.1,52.94
84,94.1,74.5,42.9,0,29.82,7.2,21.7,64.3,34.28
77,86,69.4,56.3,0,29.86,7.7,17,23,34.28
55.8,69.1,38.5,44.3,0,30.02,7.2,9.67,18.3,34.28
50.4,59,42.4,35.3,0,30.22,6.9,15.1,20.8,34.28
64.4,78.6,50.7,45.1,0,29.98,7.2,3.68,9.21,34.28
41.4,53.6,28,28,0,30.39,7.3,7.37,13.8,34.28
77.1,86.2,69.8,60.5,0,29.72,7.4,15.1,25.3,34.28
46.3,52.9,41,38.3,0,30.13,7.8,18,23,34.28
54.2,63.5,42.8,51.4,0.4,29.93,7.7,9.78,27.5,36.94
53.3,66,34.5,43.2,0.09,30.01,6.7,10.1,23,34.28
82.2,93.7,73,42.5,0,29.87,7.3,15.8,23,29.92
49.8,61,40.6,39.3,0,29.98,6.9,10.4,18.3,34.28
63.3,75.7,53.6,54.3,0,30.04,6.4,4.83,13.8,34.28
85.3,97.2,69.6,55.4,0,29.66,7.3,18.8,27.5,34.28
35.9,46.4,26.6,19.8,0,30.3,7.4,12.2,23,34.28
58.5,72,46.2,47,0,30.05,7,6.1,16.1,34.28
59.7,68.9,52.2,52.2,0,29.98,7.9,5.29,9.21,34.28
68.5,78.4,59.5,52.4,0,30.05,7.4,13,16.1,34.28
62.9,77,45.7,50.8,0,29.91,6.6,5.18,9.21,34.28
47.9,61.5,38.5,45.5,0,30.22,5.5,3.11,11.3,34.28
54.4,61,47.7,50.3,0.3,30,7.9,9.44,16.1,34.28
71.7,80.8,60.8,48,0,30.06,7.8,18.7,27.5,39.13
44,56.8,37.8,41.4,0.1,29.72,7.2,9.9,29.9,34.28
81.2,95,64.9,52.1,0,29.92,7.1,8.75,18.3,34.28
60.3,70.2,43.3,52.1,0,29.96,7.4,6.67,13.8,34.28
67.1,78.8,53.6,48.6,0,29.87,7.5,12.5,20.8,34.28
45.7,49.5,41,41.3,0.1,29.78,4.1,8.4,13.8,34.28
79.2,95,63,56.1,0,29.79,7.3,12.3,23,34.28
86.9,96.1,78.4,56.2,0,29.87,7.3,20.2,27.5,34.28
59.1,69.8,48.2,44.5,0.1,29.89,7.5,15.5,29.9,34.28
83.8,94.6,75.2,55.8,0,29.79,7.3,17.6,23,34.28
51.3,58.6,37.9,45,0,30.26,7.3,12.8,20.8,34.28
87,97.7,77,53.5,0,29.8,7.3,17.3,23,29.92
48,60.3,37.4,45.4,0,30.34,5.8,4.14,11.3,34.28
45.6,60.8,33.4,41.4,0,30.25,5.6,3.45,23,34.28
46.2,51.8,35.2,43.1,0,30.03,7.6,5.52,13.8,34.28
53,64.4,41.5,39.4,0,30.23,7,16,29.9,34.28
62.7,75.2,55.4,54.7,0.4,29.7,7.8,5.18,13.8,34.28
71.5,87.8,57.9,52,0,29.92,7.4,5.18,13.8,34.28
53.4,59.7,46.4,48.2,0,29.87,7.6,10.8,20.8,27.5
52.9,61.2,43.3,39.7,0,30.04,7.3,11.9,20.8,34.28
57.7,68.4,46.6,52.2,0,30.14,7.8,9.78,18.3,34.28
67.9,80.6,56.3,54.8,0,30.05,7.8,6.33,13.8,34.28
50.4,59.4,42.8,39.1,0,30.03,7.4,14.7,57.4,34.28
47.2,59.7,34.9,40.4,0,30.38,7,4.37,11.3,34.28
79,86,69.6,56.3,0,29.9,7,18.3,27.5,34.28
84.8,96.8,73.2,61.7,0,29.75,7.1,15.4,23,34.28
46.2,59.2,35.2,41.1,0,30.25,7,5.29,19.81,34.28
50.8,66,36.7,45.5,0,30.25,5.4,4.03,9.21,34.28
48.1,54.3,42.8,32.7,0,30.27,7.5,22.4,32.2,43.62
68.2,78.3,59,53.3,0,29.91,7.7,15.8,25.3,34.28
77.3,84.2,69.8,54.6,0,29.79,7.5,23.7,29.9,41.31
66.2,80.6,53.6,53.2,0,29.58,7.6,4.95,13.8,34.28
45.6,54.5,33.8,32.5,0,30.29,7.2,14.6,20.8,34.28
77,86.2,67.1,57.1,0,29.81,7.5,16.4,25.3,34.28
43,53.8,33.6,33.1,0,30.21,6.9,12.8,18.3,34.28
46.9,51.1,41,41.2,0,29.89,6.7,11.5,18.3,34.28
80.5,93,68.4,56,0,29.84,7.4,7.02,13.8,34.28
76.1,92.1,58.1,55.7,0,29.84,7.2,4.37,9.21,34.28
60.3,73.4,46.4,51,0,30.14,7,7.48,13.8,34.28
57.4,65.8,50,49,0.3,30.03,7.8,9.67,18.3,34.28
55.1,64.4,47.1,39.1,0,30.09,7.5,12.5,16.1,34.28
45.4,58.1,30.9,28.9,0,29.99,7.6,10,19.81,34.28
80.3,93.2,63,56.5,0,29.94,7.4,10.9,20.8,34.28
69.8,84.2,52.9,54.8,0,29.88,7.2,7.83,18.3,34.28
75.5,86.7,64,52.8,0,29.9,7.2,14.3,23,34.28
68.2,80.1,53.4,55,0,30.03,7.5,7.83,18.3,34.28
73.7,88,60.8,54.5,0,29.84,7.1,7.25,18.3,34.28
79.9,89.6,67.1,61.2,0,29.89,7,13.5,25.3,34.28
50.4,58.3,40.8,46.7,0,30.1,7.2,10.5,13.8,34.28
45,52,37.9,36.4,0.1,30.35,7.9,10.9,16.1,34.28
83.4,99.5,63.7,52.9,0,29.81,7.3,7.6,18.3,34.28
38.8,42.8,35.6,29.4,0,30.14,7.7,24,34.4,46.03
45.9,55.8,39.2,29.7,0,30.03,7.4,24.4,34.4,34.28
45,64.6,39.2,39.4,0.2,29.94,6,17.6,25.3,34.28
54.1,66.2,43.3,49.4,0,30.17,7.4,2.3,6.9,34.28
60.9,71.4,52.2,46.8,0,29.94,7.4,17.4,27.5,34.28
57.5,64.4,50,49.7,0.09,29.92,7.8,14.8,23,32.22
49.3,63.1,34.7,35.4,0,30.09,6.9,7.83,16.1,34.28
36.2,44.8,27.1,26.7,0,30.31,7.6,6.79,11.3,34.28
73.2,84.4,61.3,53.6,0,29.92,7.7,9.9,16.1,27.5
73,81.9,66.2,56.7,0,29.82,7.7,19.5,27.5,39.13
70.9,81.7,64.4,55,0,29.97,7.1,15.7,20.8,34.28
85,99,71.6,43.3,0,29.75,7.2,16.1,23,27.5
79.3,87.3,70.2,57.6,0,29.81,7.3,20.8,29.9,34.28
72.4,86.5,57.6,56.5,0,29.93,7.4,7.48,13.8,34.28
65.8,77,54.1,56.4,0,30.01,6.2,10.9,20.8,34.28
79,93.2,61.9,53.1,0,29.93,7.4,5.18,13.8,20.83
80.9,96.8,62.6,53.9,0,29.86,6.7,10.2,20.8,34.28
84.4,95.5,68.9,45.5,0,29.93,7.3,16.6,20.8,34.41
86.8,104,67.5,55.9,0,29.77,7.3,6.9,16.1,34.28
82.3,92.1,72.5,57.2,0,29.82,7.4,21,25.3,34.28
47.2,62.8,28,37.2,0,30,7.2,6.79,13.8,34.28
67.1,83.3,50,47.2,0,29.99,7.2,4.6,11.3,34.28
47.1,51.8,41.9,45.6,0.4,29.75,4.5,6.21,18.3,34.28
42.3,49.8,35.6,28.5,0,30.1,7.4,21.5,27.5,36.94
85.4,97.5,73.2,46.7,0,29.85,7.2,18.3,23,34.28
65.8,77.2,55.6,44.6,0,29.93,7.1,15,20.8,34.28
65.8,82.4,53.6,49.9,0,29.91,7.1,6.79,13.8,34.28
61.9,73.9,51.8,53.8,0,29.87,7.5,7.37,16.1,34.28
46.8,54.5,37.6,41.3,0,30.17,4.2,8.17,16.1,34.28
58.5,63,55,50.4,0.1,29.99,7.7,16.1,25.3,36.94
52.9,62.6,45,48.7,0,30.32,8,6.21,13.8,34.28
67.2,77,62.4,61.4,2.4,29.91,7.9,4.95,13.8,34.28
78.7,88,68.4,56.8,0,29.9,7.4,19.6,23,34.28
62.9,71.2,55.4,53.8,0,29.81,7.2,4.95,11.3,34.28
83.2,95,71.2,54,0,29.73,7.1,18.3,25.3,34.28
66.5,72.9,52.5,53,0,30.01,7.7,12.5,18.3,34.28
48.2,63,32,30.8,0,30.22,7.5,3.22,6.9,34.28
60.9,72.1,49.1,50.7,0,29.68,6.7,8.17,18.3,34.28
78.5,90.5,65.5,54.6,0,29.95,7.3,8.4,16.1,34.28
41.5,49.8,34.9,31.7,0.1,30.22,7.6,17.3,25.3,34.28
47.5,52.7,44.4,44,0.09,29.82,3.7,7.6,13.8,34.28
74.6,85.1,65.7,48.7,0,29.96,7.3,19.9,25.3,34.28
77.6,89.4,69.6,57.8,0,29.79,7.4,18.6,25.3,34.28
66.4,75.4,57.2,56,0,29.96,7.8,12.7,20.8,34.28
58.8,68.2,51.8,53.2,0.2,29.86,7.9,12.4,23,29.92
60.7,65.5,57.4,53.8,0,29.97,7.7,15.3,23,34.28
46.8,59,37,43.7,0,30.18,6.4,2.53,6.9,34.28
41.8,50.4,35.6,28.2,0,30.23,7.3,19.1,25.3,34.28
54.4,66.2,43.5,31.1,0,30.23,7.3,18.1,25.3,34.28
62.8,71.6,53.6,54.6,0,29.96,7.2,7.37,13.8,34.28
75.7,87.1,63.3,58,0,29.8,7.2,11.9,23,34.28
59.9,72,46.6,39.2,1.1,29.96,7.1,10.9,18.3,34.28
53.1,68,41.4,43.7,0,29.79,6.1,4.03,9.21,34.28
82.9,95.2,69.6,56.8,0,29.73,7.4,21,27.5,36.94
83.5,96.8,69.8,56.1,0,29.71,7.2,11.3,16.1,34.28
73.1,89.8,57.9,56.6,0,29.91,7.3,6.1,16.1,34.28
84,100,66.9,60.1,0,29.76,7.1,8.52,18.3,34.28
85.3,97.2,65.7,53.1,0,29.93,7.2,15.8,23,34.28
50.4,59.9,41,47.2,0,30.08,7.6,4.26,6.9,34.28
78.9,87.8,70.5,55.3,0,29.87,7.4,18.5,27.5,40.28
52.6,64,42.8,45.9,0.3,29.79,7.6,14.2,27.5,29.92
50.7,62.6,36.7,45.6,0,29.93,6.3,6.9,13.8,34.28
48,59.2,38.3,43.6,0.1,30.01,7.6,6.33,11.3,20.83
54.2,64.4,42.8,40.9,0,29.73,7.2,16.3,27.5,34.28
43.8,53.1,33.8,33.9,0.1,30.07,6.3,10.2,34.4,34.28
44.7,54.1,36.1,26,0,30.01,7.5,17,23,29.92
74.6,86.9,59.7,49,0,29.88,7.1,15.3,20.8,34.28
82.8,91.9,72,56.5,0,29.79,7.2,16.4,23,27.5
79.6,90.1,69.3,48.8,0,29.86,7.3,17.4,23,34.28
79.7,91.8,67.6,59.9,0,29.68,7.3,8.63,20.8,34.28
36.9,52.3,25.3,25.4,0,30.3,6.9,4.26,18.3,34.28
66.9,81.5,49.1,48.6,0,29.91,7.2,5.52,11.3,34.28
33.8,45,26.1,22.5,0,30.3,7.2,8.17,13.8,34.28
44,49.3,35.6,39.4,0.6,29.8,7.8,11.8,23,34.28
51.2,61.5,42.1,46.9,0,30.05,4.2,4.26,13.8,34.28
56.5,66.2,44.6,48.2,0,30.12,6.8,10.9,20.8,34.28
66.9,77.5,55.9,42.5,0,30.07,7.1,10.7,16.1,25.32
43.8,50.9,35.6,37,1.1,29.92,7.6,13.4,20.8,34.28
54.6,64.9,46,50.4,0,29.98,7.4,9.32,13.8,34.28
72.7,86.4,53.6,53.8,0.09,29.72,7.4,8.17,23,34.28
59.8,66.6,56.5,44.1,0,30.11,7.6,21.6,27.5,34.41
55.3,64.4,48.9,43.1,0,29.96,7.4,13.5,20.8,34.28
47.3,57.2,40.6,42.2,0,29.88,6.1,2.65,6.9,34.28
79.4,91.4,68,57.1,0,29.82,7.2,13.6,23,34.28
35.6,48.2,23.4,28.1,0,30.14,6.2,7.48,23,34.28
48.5,59.9,38.5,44.7,0,30.3,6.4,6.56,13.8,34.28
40.1,48.9,32,33.4,0,30.04,5.7,10.2,23,34.28
61.6,75.2,48.7,52.5,0,30.05,7.4,6.67,13.8,34.28
75.5,85.5,64,58.7,0,29.85,7.4,16.8,25.3,34.28
75.3,87.1,61.5,57.3,0,29.74,7.2,12.3,25.3,34.28
45.3,54.3,39.2,41.9,1.3,29.69,6.2,15.8,27.5,39.13
44.6,55.8,35.2,39.5,0,30.3,5.1,7.37,16.1,34.28
81.2,95.9,69.8,46.7,0,29.83,6.7,14.2,20.8,34.28
48.8,53.6,42.8,45.5,0.5,29.86,7.3,7.02,11.3,34.28
82.8,93.6,73.4,58.4,0,29.78,7.2,17.9,23,34.28
58.2,69.8,48,49.2,0,29.95,7.6,9.55,20.8,34.28
63.3,77.7,47.5,49.9,0,30.06,7.2,7.14,13.8,34.28
83.8,95.2,70.2,52.8,0,29.83,7.5,16.3,25.3,34.28
62.5,78.8,48.4,51.5,0,29.94,7,5.87,16.1,34.28
79.4,95.2,62.4,51.4,0,29.73,7.2,6.9,19.4,34.28
79.2,88.7,67.1,58.4,0,29.78,7.6,12.7,25.3,34.28
74.1,83.8,66,59.8,0,29.82,7.8,13.2,20.8,34.28
65.8,84.2,50,49,0,30.01,7.2,4.83,13.8,34.28
41.8,57.2,28.4,31.6,0,30.36,7.2,4.72,19.81,34.28
34.5,43.2,27.1,18.1,0,30.35,7.4,11.6,20.8,34.28
42.9,49.3,39,30.4,0,30.06,7.9,21.6,27.5,34.28
53.8,64.4,46.2,49,0,30.32,7.8,7.14,13.8,34.28
41,59,27.5,27.4,0,30.29,7.2,1.61,6.9,34.28
49.7,61.2,42.8,45.6,0.1,30.2,5.9,2.42,19.81,34.28
75.3,89.2,59.9,54.7,0,29.93,7.4,10.7,20.8,34.28
68.7,79,62.6,45.5,0,30.1,7.1,19.9,25.3,34.28
51.6,60.8,42.4,48.3,0,29.94,4.7,3.11,6.9,34.28
45.4,52.5,35.1,38.9,0,30.25,6.6,2.76,11.3,34.28
87.1,97,76.8,56.1,0,29.78,7.2,18.4,25.3,34.28
42.9,48.2,37.6,35.9,0,30.05,7.7,13.2,20.8,34.28
76.4,92.5,60.8,53.3,0,29.8,7.2,5.06,13.8,18.3
73.4,84.7,62.6,56.6,0,29.94,7.4,10.2,20.8,34.28
51.7,60.6,41.9,49.4,0,30.14,5.8,5.18,11.3,34.28
80.2,92.1,68,50,0,29.78,7.2,15.1,23,34.28
44.6,58.3,33.1,37.6,0,30.3,6.1,7.14,16.1,34.28
61.6,68.9,53.6,55.4,0.4,29.78,7.7,15.4,23,32.22
44.9,52.7,35.8,35.4,0.1,29.88,7.6,7.6,18.3,34.28
39.3,52.3,25,28.2,0,30.25,7.1,11.1,23,34.28
43,59.2,29.3,33.9,0,30.26,6.4,6.44,20.8,34.28
67.3,75.4,60.8,61.8,0.5,29.84,7.2,7.71,13.8,34.28
59.9,67.3,55.4,58.1,0.3,29.86,7.6,4.83,16.1,34.28
74.9,88.2,61.3,57.5,0,29.85,7.6,5.75,13.8,34.28
60.9,69.1,50.2,48.7,0,30.26,7.4,13.1,18.3,34.28
52.2,63.3,43.3,48.4,0,30.26,7.2,4.95,9.21,34.28
44.6,52.2,36,42.6,0,29.83,2.5,7.02,13.8,34.28
78.8,91.4,62.4,51,0,29.91,7.1,9.32,18.3,34.28
84.2,94.5,72,49.9,0,29.85,7.3,15.3,20.8,27.5
41.7,47.3,33.8,32.8,0,29.76,7.7,15.8,23,34.28
71.9,81.5,61.7,53.9,0,29.9,7.5,11.2,20.8,23.02
58.8,72.1,43.9,44.5,0,30.04,7.3,9.9,18.3,34.28
82.8,93.9,71.1,54.3,0,29.8,7.3,17.8,25.3,34.28
51.3,66.4,36,42.8,0.09,30.06,6.8,7.6,16.1,34.28
47.7,60.8,37.9,42.4,0,29.92,6.3,1.96,18.3,34.28
73.8,84.2,65.5,50.8,0,30.02,6.7,18.9,25.3,34.28
63.7,75.2,53.6,53.9,0.09,29.73,7.7,10.5,25.3,32.22
73,84.9,58.6,55.1,0,29.89,7.5,9.9,18.3,34.28
47.7,54.7,37.2,35.6,0,30.06,7.1,8.06,16.1,34.28
82.5,92.5,75.2,44.4,0,29.83,7.2,24.4,32.2,43.62
54.9,63.3,48.2,50.6,0,29.6,7.8,11.9,20.8,34.28
37.8,43.7,33.6,22.4,0,30.28,7.5,15.1,25.3,34.41
57.9,66.2,51.8,54.7,1.1,30.12,7.5,8.17,16.1,34.28
86.1,96.8,74.8,51,0,29.82,7.4,14.9,20.8,34.28
52.3,59,46.4,47.5,0,29.88,7.1,12.6,20.8,34.28
80.8,91.9,64.2,56.8,0,29.9,7.2,10.7,20.8,34.28
52.9,60.8,48.9,49.1,0.3,29.92,10.1,8.17,13.8,34.28
79,92.1,66.6,64.4,0,29.76,7.4,7.25,16.1,34.28
85.3,105,66.2,51.6,0,29.8,7.3,4.72,11.3,34.28
78.3,92.5,58.5,53.6,0,29.81,7.2,7.71,18.3,34.28
81.1,93.4,68.2,54.5,0,29.81,7.3,16.4,25.3,27.5
43.4,52.5,34.5,29.3,0,30.25,7.4,16,57.4,34.28
64.8,79,50.5,48.5,0,29.88,7.6,3.91,11.3,34.28
48.6,59,39.2,33.4,0,30.07,7.2,18.7,23,34.28
77.5,88.7,62.8,57.6,0,29.81,7.5,7.14,18.3,34.28
78.8,89.1,66,54.1,0,29.97,7.4,18,27.5,39.13
54.3,59.4,48.2,49.8,0,29.9,6.8,8.4,16.1,34.28
54.7,70.3,37.4,44.5,0,30.1,7,11.9,23,34.28
68.2,80.6,57.2,47.2,0,30.07,7.2,17,23,29.92
72.2,86.9,57.4,55.1,0,30.02,7.4,4.6,11.3,34.28
60.5,73.2,46,47.1,0,30.09,7.2,8.63,16.1,34.28
41.3,56.3,29.1,35.8,0,30.26,5.3,0.92,4.72,34.28
51.5,59.2,46.4,48.8,0.1,29.97,7.3,4.72,11.3,34.28
53.6,61.2,46.4,45.2,0.1,29.87,7.7,14,23,34.28
43.9,57.2,28.4,33.4,0,30.23,7.4,5.75,11.3,34.28
53.4,55.4,51.1,51.8,0.1,29.97,5.2,6.33,11.3,34.28
80.3,91.4,63.5,43.4,0,30.01,7.3,16.3,23,34.28
38.1,48.6,28.4,26.8,0,30.41,7.1,9.21,18.3,34.28
62.3,77,49.6,50.8,0,29.96,7.4,5.98,16.1,34.28
54.4,62.6,46.4,40.7,0,30.25,7.1,20.8,27.5,34.28
69.8,85.1,55.2,60.3,0,29.94,6.4,5.87,16.1,34.28
52.1,59.7,39.2,42,0.1,29.61,7.6,14.9,29.9,39.13
81.1,89.8,71.6,58.9,0,29.86,7.6,16.3,25.3,34.28
37.2,48.4,25.7,27.5,0,30.16,6.3,3.22,9.21,34.28
61.7,74.1,53.1,54.6,0,30.04,7.8,4.95,13.8,34.28
52.8,59.9,46.8,43,0,29.92,7.2,13.1,18.3,34.28
72.1,86,61.5,58.9,0.09,29.9,7.7,8.4,18.3,34.28
60.4,67.3,53.6,50.1,0,30,7.7,19.2,27.5,41.31
70.8,86,53.1,52.3,0,30.05,7.5,7.94,16.1,34.28
72.6,84.7,55,49.9,0,29.94,7.2,15.6,23,34.28
72.2,81,62.6,53.4,0,29.69,7.5,10.7,20.8,29.92
83.2,93.6,71.6,57,0,29.69,7.4,14.2,23,34.28
40.2,48.9,32,20,0,30.25,7.2,14.1,25.3,34.28
56.8,63,51.3,53.3,0,30.01,7.8,10.5,20.8,34.28
58,66.6,51.8,39.5,0.5,29.69,7.1,9.09,25.3,34.28
54.3,64.4,42.1,46.5,0,30.14,7.4,10,18.3,34.28
69.9,80.1,57.2,56.4,0.1,29.98,7.8,6.21,13.8,34.28
48,53.8,41,27.4,0,30.27,7.4,24,34.4,48.33
58.6,68.2,52.5,39.9,0,30.14,7.7,14.5,23,34.28
54.1,62.8,44.4,38.6,0,29.96,7.4,15.3,20.8,34.28
84.8,95.4,72.7,50.3,0,29.81,7.2,17.9,27.5,34.28
58.2,67.3,51.8,40,0,30.17,7.2,22.9,32.2,34.28
54.9,64.9,44.8,48.1,0,30.04,7.9,8.86,16.1,34.28
72.6,86.2,55.4,53.2,0,29.83,7.2,11.1,20.8,34.28
69.2,78.4,59,53.8,0,29.95,7.6,11.9,20.8,34.28
82.7,93.7,72.5,58.9,0,29.86,7.2,16.6,23,34.28
74.3,85.8,59.7,46.7,0,29.88,7.3,13.8,23,34.28
49.6,54,46,48.8,1.6,29.86,7.2,9.09,13.8,34.28
73.9,84.9,63.3,53.8,0,29.95,7.2,14.3,20.8,34.28
82.1,93.2,71.1,52.6,0,29.78,7.3,20.1,27.5,39.13
42.2,45.9,37.4,39.6,0.1,30.43,6.2,6.1,18.3,34.28
59.8,72.5,47.5,50.2,0,30.2,7.3,8.52,16.1,34.28
83,93.2,72.5,45.6,0,29.78,7.2,20.8,27.5,34.28
49.9,59.4,41,44.9,0,29.75,6.1,6.1,20.8,34.28
83.2,100,65.7,54.7,0,29.79,7.4,6.44,11.3,34.28
43.7,51.3,37,29.6,0,30.4,7.2,21.7,27.5,34.28
74.6,89.6,58.3,53.6,0,29.91,7.5,4.03,40.2,34.28
82.2,92.5,71.6,56,0,29.82,7.4,17.3,25.3,29.92
49.7,57.2,41,46.2,0.1,29.96,7.6,13.3,23,34.28
77,89.6,66.7,58.8,0.09,29.67,7.7,19.1,27.5,41.31
82.6,100,64.8,54.9,0,29.7,7.5,8.52,27.5,34.28
76.7,88.9,59.7,52.9,0,29.92,7.5,7.14,16.1,34.28
47.5,54,41,40.6,0,30.22,5.7,10.2,18.3,34.28
40.9,52.7,25.9,32.2,0.09,29.82,7,8.4,18.3,34.28
74.5,86.7,62.4,57.9,0,29.86,7.4,10.5,23,34.28
74.4,89.2,58.6,53.9,0,29.81,7.5,8.06,23,34.28
57.5,71.8,42.8,49.2,0,30.11,7.4,7.02,13.8,34.28
63.9,76.3,55.9,58.8,0.7,30.09,6.7,4.26,11.3,34.28
70.9,83.8,57.2,58,0,29.73,6.7,4.6,9.21,34.28
52,65.1,37.8,41.6,0,30.21,7.3,5.64,13.8,34.28
43.8,52.9,35.2,34.4,0,29.95,7.6,14.8,23,34.28
77.8,86.4,70,48.4,0,29.81,7.6,22.4,25.3,34.28
80.4,95,63,56,0,29.89,7.3,6.79,16.1,34.28
54.9,60.8,46.4,51.4,0.9,29.63,7.8,9.9,25.3,39.13
46.8,57.2,31.5,39,0,30.22,7,7.6,18.3,34.28
45.8,53.1,38.5,41.5,0,30.18,7.5,3.22,6.9,34.28
55.4,61.9,46.4,51.1,1.1,30.08,7.7,7.25,16.1,34.28
82.2,92.5,71.4,58,0,29.87,7.4,16.1,23,34.28
69.9,87.4,56.7,58.4,0,29.72,7.4,6.9,16.1,34.28
79.8,94.5,60.3,51.1,0,29.92,7.3,5.64,16.1,34.28
57.1,64.4,50.2,53.3,0,29.9,7.7,4.14,9.21,34.28
78.6,87.8,68.9,60.5,0.3,29.76,7.7,18.9,34.4,34.28
67.7,82.4,54.3,51,0,29.99,7.6,5.06,13.8,34.28
62.9,75.2,52.9,43.4,0,30.15,7.4,12.6,20.8,34.28
78.2,90.1,66,53.9,0,30.01,7.4,17,23,34.28
47.2,65.1,39.9,43.2,0,30.1,7.6,7.83,11.3,34.28
80.4,91.9,64.8,44.6,0,29.89,7.3,14.1,23,34.28
79.1,88,71.1,62.9,0,29.86,7.4,13.1,20.8,34.28
43.6,50.4,32,34.6,0.4,29.99,7.7,12.7,23,34.28
57.1,73.4,42.1,46.5,0,30.21,7,5.29,11.3,34.28
86,99,74.5,51.4,0,29.95,7.4,15.8,25.3,34.28
52.8,65.7,42.3,44.3,0,30.1,5.7,5.41,16.1,34.28
73.4,84.7,60.6,58,0,29.87,7.4,7.25,13.8,34.28
49.8,55.6,43.2,44.7,0.5,29.83,7.7,7.37,16.1,34.28
80.1,93.9,66.2,60.6,0,29.69,7.2,12.2,25.3,34.28
80.1,92.1,63.7,48.6,0,29.95,7.1,10,18.3,34.28
76.5,89.6,61.2,48.3,0,29.94,7.1,13.4,20.8,34.28
64.7,75.2,55.6,56.6,0,29.86,7.7,6.1,16.1,34.28
44.5,52.2,37.4,31.2,0.2,29.82,7.8,13.4,25.3,34.28
78.8,95.9,59.9,49.9,0,29.89,7.3,4.49,16.1,34.28
86.4,96.8,78.6,51,0,29.78,7.2,19.7,27.5,39.13
73.9,88.3,60.6,61.6,0,29.99,6.9,5.29,13.8,34.28
56.6,62.6,53.6,51.8,0,29.84,8,11.3,18.3,34.28
61.4,65.8,57.2,53.6,0,29.73,7.8,16.6,23,34.28
65.6,78.8,51.1,50.7,0,29.99,7.3,6.33,16.1,34.28
83,95,70.3,52,0,29.82,7.2,16.2,23,29.92
51.4,59,42.4,46.3,0,30.06,7.7,5.18,16.1,34.28
80.5,89.6,72.5,54.4,0,29.9,7.3,22.7,32.2,34.28
47.6,53.6,44.6,41.6,1.1,29.65,7.8,17.9,25.3,34.28
56.6,64.4,51.8,51.7,0,29.76,7.2,16.3,27.5,34.41
52,70.5,39.7,44.2,0,30.27,6.9,3.91,11.3,34.28
72.2,85.1,57.2,58.1,0,29.97,7.2,9.55,18.3,34.28
51.5,63.1,41.5,42.9,0.3,30.12,7.4,7.14,16.1,34.28
68.4,84.9,57.6,61.5,0,29.97,7.2,4.49,13.8,34.28
53.4,59.4,46.8,46.1,0.09,29.9,7.8,13.3,18.3,29.92
79.6,90,67.5,59.6,0,29.68,7,14,23,34.28
37.9,47.5,28.4,24.9,0,29.99,7.5,8.98,19.81,34.28
74.8,86.4,61.9,42,0,29.88,7.6,11,25.3,34.28
64.6,74.1,57,54,0,30,6.9,12.2,20.8,34.28
55.5,61,51.8,48.4,0.1,29.87,7.8,15.4,20.8,34.28
44.5,50,41,33.6,0,30.06,7.7,16.5,25.3,34.28
82.3,93.4,73,54.2,0,29.72,7.2,16.3,25.3,34.28
47.1,53.1,43.3,43.4,0,29.59,6.4,9.55,18.3,27.73
55.6,66,46.4,50.4,0,30.13,4.9,2.07,4.72,34.28
56.5,62.4,51.8,48.5,0.1,29.93,7.8,15.5,23,34.28
76.3,87.1,62.1,50.5,0,29.9,7.5,14.8,18.3,34.28
84.7,95.4,73.8,58,0,29.75,7.3,18,23,34.28
71,82.4,57.7,55.4,0,29.91,7.5,10.5,23,34.28
52.4,59,42.8,46.1,0.5,29.82,7.7,6.33,11.3,34.28
80.7,92.1,71.6,48.9,0,29.86,7.3,20.4,25.3,34.28
82.3,94.5,73.4,56.8,0,29.77,7.2,21.5,27.5,41.31
56.6,65.5,49.5,42.3,0,30.03,7.7,14.8,20.8,34.28
56.1,64.8,48.2,48.7,0,29.86,7.8,15.6,27.5,39.13
47.9,54.1,40.6,42.1,0.09,29.9,7.6,2.76,9.21,34.28
85.3,96.8,73.9,57.1,0,29.9,7.2,17.8,23,34.28
59.8,70.7,46.4,51.1,0.09,29.73,7.3,14.8,27.5,41.31
51.1,56.1,48.2,48.7,1.3,29.26,7.4,11.7,23,34.41
48.1,51.8,42.8,46.8,0.3,29.7,4.5,8.29,20.8,34.28
68.1,83.5,52,45.9,0,30.01,7.1,7.14,18.3,34.28
46.6,55.4,39.6,40.1,0,30.22,5.8,7.83,13.8,34.28
49.7,55,41,45.5,0.5,29.9,7.5,12,23,34.28
78.6,88.7,68.7,43.4,0,29.9,7.3,15.6,23,34.28
36.2,53.2,23.7,25.4,0,30.33,6,3.68,11.3,34.28
82.6,93.2,74.3,60.8,0,29.7,7.5,15.7,20.8,34.28
77.5,86.9,68.5,52.4,0,29.87,7.3,17.9,25.3,34.28
83.6,94.3,69.8,47.9,0,29.92,7.4,16.8,20.8,29.92
74.8,90.7,59,51.5,0,30.04,6.9,6.79,16.1,34.28
48.1,57.9,41,38.6,0,29.98,7.2,11.1,20.8,34.28
82.7,94.3,71.6,55.5,0,29.73,7.3,23,29.9,39.13
69.4,80.6,58.5,47.2,0,30.03,7.2,14.6,20.8,34.28
57.4,63.7,50.5,51.9,0,29.99,7.7,13.4,18.3,34.28
45.2,60.1,29.5,27.7,0,30.19,7.5,4.83,13.8,34.28
80,89.6,70.5,50.2,0,29.81,7.1,17.7,25.3,34.28
50.2,57.4,46.4,47.4,0.8,29.99,7.9,4.83,16.1,34.28
62.9,75.2,48.2,51.5,0,30.16,6.7,10.1,18.3,34.28
47.3,59.2,33.1,33,0,30.05,7.5,9.32,16.1,34.28
54.5,60.4,49.8,52.4,1.2,29.75,7.8,11.8,20.8,34.28
62.3,68.5,55.4,54.2,0.1,29.91,7.9,13.3,20.8,34.28
50.1,57.2,44.8,42.1,0.2,29.99,7.8,13,47.1,34.28
60.8,75.2,44.6,46,0,29.89,7.3,8.86,18.3,34.28
71.8,83.5,64.4,50.1,0,30.09,7.2,20,25.3,34.28
77.1,88,63.3,45.3,0,29.83,7.3,11,20.8,34.28
79.4,89.6,64.4,56.2,0,29.83,7.3,15,27.5,36.94
78.7,87.8,68.7,51.5,0,29.79,7.7,19.4,25.3,34.41
80.8,97.3,63.9,53.9,0,29.8,7.5,5.52,16.1,34.28
76.5,86.2,68,61.4,0,29.74,7.5,13.3,18.3,34.28
80.7,90.5,65.7,53.2,0,29.88,7.4,17.1,25.3,27.5
80.5,96.8,63.1,53.4,0,29.91,7.6,7.48,13.8,23.02
60.7,72.7,48.2,51.3,0,29.85,7,7.37,20.8,34.28
55.4,59,50,53.8,0.3,29.83,7.7,5.52,13.8,34.28
54.9,64.4,46.4,42.6,1.1,30.09,7.7,14.8,23,34.28
54.3,63.7,46.8,37.7,0,29.99,7.4,13.5,57.4,34.28
59.9,62.6,57,56,0.1,29.87,7.8,13.6,20.8,34.28
46.2,50.2,37.4,41.7,0.7,29.99,7.8,7.37,13.8,34.28
38.4,45.3,34.9,25.7,0.1,30.14,7.6,24.9,29.9,39.13
45.4,55.6,35.6,27.6,0,30.22,7.2,12.6,18.3,34.28
75.6,86.2,65.7,43.6,0,29.87,7.4,12.8,18.3,34.28
47.9,61.2,34.9,43.5,0,30.08,5.8,6.56,13.8,34.28
37.7,43.9,32.7,27.4,0,30.06,7.7,21.1,27.5,34.28
79.4,90.1,68.9,47.6,0,29.88,7.1,16.8,29.9,34.28
39.1,48.2,30.2,24.8,0,30.04,7.6,8.75,18.3,34.28
81,91.6,68.9,55.4,0,29.84,7.2,17.8,27.5,29.92
52.2,61.2,42.1,39.4,0.09,29.99,7.5,16.5,23,34.28
81.3,90,72.5,59.2,0,29.79,7.4,16.8,23,34.28
34.5,46.4,23.5,22.1,0,30.35,6.9,6.33,16.1,34.28
53.4,61.9,50,50.8,0.3,29.96,7.8,9.55,16.1,34.28
46.1,55.4,37.9,31.9,0,30.09,7.6,15,23,34.28
48.7,53.6,39.2,45.6,0.1,29.94,5.6,5.75,9.21,34.28
65.3,78.1,49.6,50.5,0,30.06,7.2,7.37,16.1,34.28
71.8,83.8,57.9,52.7,0,29.92,7.3,10.5,23,34.28
68.1,82.6,58.3,61.3,0,30.07,5.4,5.87,16.1,34.28
72.2,81.7,65.7,42,0,29.91,7.2,18.4,25.3,34.28
56.4,70.2,41,44.8,0,29.99,7.4,6.67,16.1,34.28
50.9,65.5,31.8,37.3,0,30.26,6.9,3.34,9.21,34.28
51.2,64.4,36.9,41,0,29.92,6.9,7.14,20.8,34.28
41.4,62.6,25.5,31.1,0,30.25,7.6,4.49,6.9,34.28
53.3,64,43.9,49,0,30.04,7.7,2.07,4.72,34.28
40.2,49.5,32.7,28.9,0,30.34,7.8,10.2,18.3,34.28
41,48.2,33.1,31.4,0,30.11,7.5,16.2,27.5,36.94
52.5,61,41,45.3,0.5,29.75,7.7,8.29,23,34.28
76.4,92.8,60.4,52,0,29.7,7.4,10.4,20.8,34.28
43,48.9,37.4,28.5,0,30.3,7.5,21.7,29.9,39.13
65.7,77.7,50.2,46.9,0,30,7.2,10.4,18.3,34.28
68.2,77.4,55.4,54.9,0,29.81,7.7,11.2,20.8,34.28
52.2,58.1,45.9,49.9,0.2,29.9,7.5,10.4,16.1,34.28
38.5,57.4,24.1,28.6,0,30.43,6.7,3.11,6.9,34.28
73.7,82.4,67.1,59.7,0,29.79,7.8,17.4,23,34.28
51.9,59.2,42.8,49.4,0,29.96,5.3,15.1,23,34.28
36.3,41.7,33.6,26.1,0,30.26,7.5,20,25.3,34.28
50.8,61,37.2,34.4,0,30.02,7.2,14.1,20.8,29.92
29.4,39.2,21.2,13.6,0,30.48,7.4,10.9,16.1,34.28
80.7,95,64.9,52,0,29.9,7.3,8.75,23,34.28
82.1,92.8,70.2,47,0,29.97,7.1,20.7,27.5,39.13
46.6,54.7,37,42.2,0.09,30.04,4.7,3.57,9.21,34.28
48.1,52,42.8,44.7,0.8,29.82,7.4,9.44,18.3,34.28
76.7,87.8,68,59.6,0,29.91,7.5,14.6,20.8,34.28
81.3,92.8,53.6,58.9,0,29.84,7.4,14.2,20.8,34.28
64.4,77.9,54.3,56.7,0,30.15,6.8,2.99,6.9,34.28
42,57.2,29.5,34.7,0,30.15,6.1,4.03,16.1,34.28
65.4,78.8,59,59.7,1.5,29.88,7.7,7.6,19.81,34.28
61.5,75.4,47.5,49.6,0,30.01,7.5,4.83,13.8,34.28
76,90.1,59.5,58.9,0,29.9,6.9,9.55,20.8,34.28
77.4,87.8,66.2,40.3,0,29.91,7.2,14.8,27.5,34.28
77,91.8,63.1,60.8,0,29.79,6.8,8.29,20.8,34.28
53.9,62.1,46.4,45.7,1.3,29.82,7.8,15.5,25.3,27.5
81.1,91.4,66.2,52.6,0,29.88,7.1,12.5,18.3,34.28
39,54,27.1,32.5,0,30.23,7.5,2.3,6.9,34.28
80.6,91.6,68,49,0,29.89,7.3,17.4,20.8,34.28
73.2,91,55.8,51.5,0,29.84,7.3,5.18,11.3,34.28
65.8,77.2,50,45,0,29.93,7.4,11.2,18.3,34.28
47.7,59.7,37.4,41.3,0.1,29.81,7.9,9.44,20.8,34.28
43.5,48.2,39.2,34,0,29.95,7.7,16.9,25.3,34.28
81,91.4,69.8,58.6,0,29.81,7.1,15.6,25.3,34.28
63.6,75.2,48.6,47,0,29.98,7.2,14.2,23,34.28
62.9,76.3,47.5,51.7,0,29.95,7.4,6.33,11.3,34.28
46.8,59,36.9,43,0,29.86,7.6,3.91,16.1,34.28
39.5,55.4,26.8,29.5,0,30.31,5.6,3.8,11.3,34.28
70.5,80.6,60.8,44.6,0,29.98,7.5,15,23,34.28
83.8,96.8,74.8,62.5,0,29.85,7.3,13.5,18.3,34.28
36.8,46.4,28.4,21.8,0,30.18,7.2,13,23,34.28
62.7,73.4,53.6,43.8,0,30.17,7.3,16.2,23,34.28
51.5,57.9,45.1,36.1,0,30.04,7.5,22.5,29.9,39.13
60.7,73.9,49.8,52.1,0,30.13,6.6,6.56,16.1,34.28
49,55.8,44.4,32.1,0,29.95,8,17.9,25.3,34.28
45,50.7,41,29.8,0,30.13,7.6,22.3,39.1,43.62
54.1,60.8,49.5,49,0.1,30.04,7.7,5.41,11.3,34.28
63.2,75.6,48.9,48.4,0,30.09,7.3,9.78,18.3,34.28
78.6,89.8,63.7,44.9,0,30.04,7.2,17.8,31,34.28
48.6,55.4,42.8,37.1,0,30.05,7.6,23.1,27.5,36.94
80.2,89.8,72.1,52.6,0,29.68,7.6,18.7,20.8,29.92
40.7,52.5,30,34,0,30.13,7.2,2.76,11.3,34.28
56.7,73.4,42.3,45.9,0,30.09,7.4,2.3,19.81,34.28
49.2,54.9,42.3,46.9,0.7,29.88,6.1,3.45,6.9,34.28
77.8,93.9,63,55.6,0,29.85,7.1,9.09,23,34.28
42.5,52.9,33.1,41.7,0,30.14,2.3,3.57,6.9,34.28
56.9,68,45.7,51,0,29.95,7.8,8.29,16.1,34.28
56,68.2,45.5,49.7,0,29.91,7.2,6.67,11.3,34.28
63.1,70,55.4,52.6,0.4,30.03,7.8,13.6,20.8,34.28
56.2,64.9,48.2,47.2,0,29.94,7.8,8.86,16.1,34.28
82.1,96.8,66.2,60.2,0,29.82,7.4,9.32,18.3,34.28
61.4,74.5,44.8,48.8,0,30.09,6.6,8.86,18.3,34.28
45,50.4,41.4,35.9,0,30.11,7.5,20.7,27.5,36.94
49.6,57.6,40.1,46.7,0.09,30.12,7.6,7.94,16.1,34.28
79.3,95.7,60.6,52.1,0,29.87,7.3,7.83,18.3,34.28
53.3,60.8,48.2,43.5,0.9,30,7.8,16.3,23,34.28
73.3,84.7,57.9,48.4,0,29.94,7.3,10,18.3,34.28
53.2,61.3,46.8,36.8,0,30.08,7.5,16.5,20.8,34.28
77.9,87.8,68.5,50.9,0,29.94,7.4,20.4,27.5,29.92
47.7,54.1,44.4,47.4,0.8,29.69,5.9,5.98,16.1,32.22
46.4,57.2,36.7,42,0.1,30.26,6.3,6.21,16.1,34.28
41.7,45.7,38.8,37.5,0.3,29.74,7.9,19.2,25.3,34.28
55,62.6,50,46.2,0.3,29.84,7.8,16.1,27.5,41.31
48.8,63.7,37.4,42.2,0,30.31,5,7.02,23,34.28
73.2,86,62.6,51.2,0,30.04,7,16,20.8,34.28
82,93.2,70.7,46.6,0,29.88,7.3,20.3,25.3,36.94
55.3,64.6,49.8,41,0,30.18,6.9,17.6,23,34.28
72.2,79.9,63.7,56.9,0,29.93,7.7,14.2,25.3,34.28
59,72.1,43.9,45.6,0,30.06,7.3,7.6,16.1,34.28
70.7,86.7,56.3,55.3,0,30.01,7.2,2.42,11.3,34.28
39.5,52.2,27.1,32.1,0,30.15,7.2,3.8,6.9,34.28
55,62.1,50,51.6,0.2,30.06,7.6,11.6,18.3,34.28
54.1,59,48.2,48.4,0.09,30.08,7.7,14.9,20.8,25.32
61.7,75.9,46.9,51.8,0,30.03,7.1,3.91,6.9,34.28
52.8,67.6,39.2,43.5,0,29.94,6.6,4.37,13.8,34.28
87.2,96.8,76.6,56,0,29.77,7.5,17.4,25.3,34.28
43,53.8,33.3,35.7,0,30.11,5.9,7.71,16.1,34.28
81.5,90.7,71.8,54.7,0,29.73,7.5,21.1,25.3,34.41
80,93.2,68.5,51.4,0,29.94,7.1,13.8,20.8,34.28
66.1,75.9,57.2,50.8,0,30.04,7.4,17.2,23,34.28
48.9,59,40.8,45.7,0,30.01,7.3,4.37,13.8,34.28
78.7,88.5,70.3,56.7,0,29.95,7.5,18.8,25.3,34.28
75.2,85.3,65.7,59.7,0,29.92,7.5,9.67,20.8,34.28
57,73.4,41.2,47,0,30.2,7.3,4.6,11.3,34.28
51,69.4,39.2,41.6,0,30.14,6.9,3.68,11.3,34.28
49.3,53.6,41,47,0.1,29.87,5.4,2.88,6.9,34.28
53.9,62.6,46.2,48.8,0,30,7.8,1.73,6.9,34.28
68.4,77.9,55.8,55.1,0,29.93,7.7,12.7,23,34.28
46.1,55.4,36.9,30.3,0,30.23,7.6,11.7,23,34.28
74.2,91.8,60.6,57.6,0.09,29.83,7.6,9.78,20.8,32.22
56.8,64.8,48.2,49.6,0.7,29.85,7.8,8.75,18.3,34.28
61.4,66.2,59,52.1,0.1,29.85,7.8,18.9,23,29.92
72.8,83.5,57,52.5,0,29.85,7.3,14.9,23,34.28
54.9,67.3,44.6,48.5,0.2,30.02,7.8,12.4,23,34.28
76.1,83.3,65.7,56.4,0,29.97,8,14.5,20.8,34.28
78.4,88.5,68.5,60.1,0,29.99,7.2,15.7,23,34.28
46.9,56.5,32,37.5,0.3,30.07,7.1,11.6,23,34.41
53,64.4,42.3,42.7,0,30.04,6.5,10.7,18.3,34.28
39.6,51.3,24.8,24.5,0,30.14,7.2,6.33,18.3,34.28
66.2,80.6,57.7,58,0,29.87,7.7,8.63,18.3,34.28
47.9,54.7,41,40.2,0.2,29.89,7.8,12.7,18.3,34.28
48.5,55.4,43,36.7,1.2,30.07,7.6,16.2,23,34.28
79,90.1,63.3,59.5,0,29.86,7.3,6.44,13.8,34.28
53.5,57.2,48.2,52.1,0.3,29.96,7.3,3.34,6.9,34.28
49.4,66.9,35.6,38.2,0,30.25,6,3.45,11.3,34.28
82.8,95,68.2,60.6,0,29.76,7.2,9.78,20.8,34.28
49,61,36.7,32.3,0,29.93,7.2,12.7,20.8,34.28
59.3,69.8,49.8,37,0,30.3,7.3,14.1,25.3,34.28
76.6,89.6,62.6,50.5,0,30.01,7.2,13,23,29.92
49.5,63.5,35.1,40.9,0,30.16,6.7,4.26,11.3,34.28
79.2,87.8,69.1,43.7,0,29.75,7.4,17.8,25.3,34.28
42.6,57.6,29.7,33.6,0,30.25,5.4,5.64,16.1,34.28
77.6,92.3,62.6,56.9,0,29.92,7.3,4.83,13.8,34.28
57.5,65.1,53.6,52.6,0.4,29.65,8.1,11,23,36.94
82,91.4,72.3,61.2,0,29.71,7.1,16.2,23,34.28
64.6,75.7,47.5,51.6,0,29.92,7,9.9,18.3,34.28
54.1,63.3,40.5,39,0,30.19,7.5,14.9,20.8,34.28
52,60.8,46.4,45.1,0.1,29.85,6.7,11,18.3,34.28
82.5,95,66.6,47.5,0,29.95,7.3,16,20.8,34.28
65.5,79.3,51.3,44.7,0,29.95,7.2,10.3,18.3,34.28
76.4,95,56.3,50.4,0,29.79,7.2,4.49,13.8,34.28
39.6,48.2,32.2,19.7,0,30.34,7.2,19.1,29.9,34.28
53.4,57.2,48.7,50.5,1.1,29.8,7.7,12.3,23,29.92
66.8,77.2,55.6,47.2,0,30.04,7.2,16.3,20.8,29.92
62.3,78.1,48.2,50.5,0,30.03,7.3,4.26,13.8,34.28
59.4,68,50.4,55.2,0.5,29.99,5.2,5.18,13.8,34.28
53.1,65.8,42.8,46.8,0.09,29.97,6.2,5.87,13.8,34.28
76.5,86.7,69.8,56.6,0,29.83,7.4,19.2,25.3,34.28
68.9,83.1,59,54.7,0,29.88,7.6,6.67,20.8,34.28
50,56.7,42.8,49.3,0.3,30.01,6.6,5.98,13.8,34.28
57.5,68.4,44.1,41.9,0,30.08,7.4,10.5,18.3,34.28
62.7,72.9,53.6,54.9,0.6,29.76,7.5,8.86,16.1,34.28
68.5,80.6,51.8,50.7,0,29.92,7.6,14.1,25.3,34.28
42.5,46.4,39,42.3,0,29.72,4.3,5.29,11.3,34.28
68.9,77.7,60.6,56.7,0,29.98,7.6,12,23,34.28
42.4,51.8,33.8,36.2,0,29.75,7.4,8.63,18.3,27.5
55.5,70,41.7,49.9,0,30.25,6.5,5.87,18.3,34.28
61.3,79,47.7,48.6,0,30.16,7.2,3.45,11.3,34.28
45.1,55.4,35.2,40.9,0.3,30.06,7.6,2.99,9.21,34.28
78.5,88.3,66.2,59.7,0,29.76,7.4,15.1,23,34.28
78.5,95.9,62.6,53.1,0,29.85,7.2,4.83,16.1,34.28
55.7,62.8,50.2,46.6,0,29.88,7.6,10.8,18.3,34.28
37.2,42.3,34.9,26.3,0,30.02,7.9,22.2,27.5,34.28
73.4,87.3,61,60.9,0.09,30.01,6.5,7.71,18.3,29.92
76.1,88.7,62.2,58.5,0,29.79,7.3,10,23,34.28
57.1,66.4,33.8,49.9,0,29.88,6.6,8.06,18.3,34.28
73.7,88.7,60.6,41.5,0,29.89,7.7,5.18,16.1,34.28
51.9,63.5,44.6,49,0.2,30.25,7.6,3.57,6.9,34.28
84.7,98.6,69.8,52.5,0,29.79,7.3,11.1,18.3,27.5
43,48.6,38.5,35.1,0,29.96,7.9,20,25.3,36.94
53.3,59,44.1,50.6,0.3,30.01,7.6,13.4,23,29.92
50.4,66.4,36.7,42.8,0,30.26,4.6,5.52,13.8,34.28
52.6,61.5,42.8,43,0.7,29.94,7.5,9.67,20.8,34.28
54.6,65.8,44.6,33.5,0,29.95,7.2,15.8,23,29.92
77.3,87.1,69.3,54.7,0,29.97,7,20.7,25.3,34.28
80.5,91.4,72.3,55.5,0,29.81,7.4,19.7,25.3,34.28
49.9,60.8,34,41.9,0,30.04,6.4,9.09,16.1,34.28
42.8,55,30.6,33.1,0,30.01,6.2,3.11,9.21,34.28
76.8,85.8,68,54.1,0,29.67,7.4,12.5,20.8,34.28
82.3,92.1,74.3,58.5,0,29.79,7.3,21.2,27.5,34.28
56.8,64.8,46.4,48.6,0.2,29.88,8,9.32,16.1,34.28
53.7,65.5,39.6,48,0,30.16,6.9,6.56,13.8,34.28
45.6,51.8,35.6,38.3,0,30.24,7.6,10.9,18.3,34.28
68.1,81.3,52.3,50.1,0,29.93,7.4,5.87,16.1,34.28
50,60.8,41,34.5,0,30.23,7.2,18.8,23,34.28
77.2,90,62.8,60.9,0,29.88,5.9,7.37,16.1,34.28
64.3,76.3,44.8,46.7,0,30.13,7.3,14.1,20.8,34.28
51,57.7,43.3,46.6,0,30.02,7.7,13.3,23,34.28
77,86,64.2,55.8,0,29.86,7.2,18.5,23,34.28
55.5,62.6,50,49.6,0.2,29.98,7.6,10.9,20.8,34.28
64.6,75.9,52.3,54.1,0,30.08,6.4,10.1,18.3,34.28
45.3,55.6,36.7,24.8,0,30.21,7.6,14.3,19.81,34.28
72.6,87.8,57.2,55,0,30.01,7.3,3.34,11.3,34.28
79.7,98.1,60.3,49.5,0,29.93,7.4,10,20.8,34.28
76.4,88.5,64.4,59.4,0,29.83,7.2,11.2,20.8,34.28
51.2,58.8,44.6,45.9,0.3,29.88,7.7,6.21,13.8,34.28
49.5,59,35.4,43.6,0,29.94,6.7,10.5,20.8,27.5
82.9,95.4,71.6,44.7,0,29.81,7.2,16.3,23,34.28
69.5,85.1,56.1,57.1,0,29.91,7.3,3.34,9.21,34.28
35.5,50,25.9,28.2,0,30.12,6.7,3.68,11.3,34.28
60.7,68,55.4,58.6,1,30.09,7.2,9.78,16.1,34.28
79.3,88.9,69.8,55.1,0,29.94,7.4,16,25.3,34.28
51.1,71.6,41,46,0.3,30.09,8.1,4.03,19.81,34.28
58.1,66.9,50.9,50.5,0,29.92,7.8,7.71,20.8,34.28
49.2,55.4,39,44.7,0.09,30.1,7.1,4.95,11.3,34.28
52,57.2,45.9,47.5,0.09,30.04,7.1,9.21,16.1,34.28
67.7,85.5,49.8,48.4,0,30.13,7.1,5.29,13.8,34.28
63.6,78.8,46,51.6,0,29.87,7.3,3.34,6.9,34.28
43.1,53.6,34.5,27.8,0,30.34,7.6,12,20.8,34.28
81.5,91.6,72.5,60.1,0,29.83,7.3,15.3,23,34.28
57.8,69.8,47.1,50.4,0,29.99,7.2,6.33,11.3,34.28
82.4,96.1,66,56.1,0,29.85,7.2,10.5,18.3,34.28
43.5,52,35.6,25,0,30.07,7.5,18.6,25.3,34.28
58.3,67.5,50,48.2,0.3,29.91,7.5,12.2,23,34.28
50.7,60.8,41,37.2,0,30.22,6.9,11.7,18.3,34.28
86.4,96.8,74.8,56.2,0,29.85,7.2,14.8,20.8,34.28
59.4,82.8,51.8,50.8,0,29.98,7.8,4.95,11.3,34.28
65.5,79.9,54.5,59.5,0,29.97,6.6,4.03,9.21,34.28
52.2,60.8,41.2,47.3,0,29.91,7.7,8.86,18.3,34.28
86.2,105,67.3,56,0,29.72,7.2,5.06,13.8,34.28
38.5,44.6,30.2,31.7,0.8,29.98,7.6,9.44,40.2,34.28
59.9,75.2,45.5,51.5,0,30.04,6.8,4.03,11.3,34.28
76.9,89.6,64.6,58.1,0,29.81,7.4,5.64,16.1,34.28
50.3,57.4,43.3,39.6,0,30.16,7.7,3.8,9.21,34.28
78.5,91.4,61.9,56.8,0,29.75,7.3,11.1,23,34.28
56.3,60.1,51.8,53.4,7.6,29.73,7.4,5.64,16.1,34.28
45.2,52.2,39.2,34.9,0,29.97,7.5,14,20.8,34.28
52,67.1,39,47.1,0,30.13,5.6,3.8,9.21,34.28
81.5,91.4,73,59.4,0,29.82,7.6,16.9,25.3,34.28
52,63.1,42.8,49.2,1.4,30.04,7.5,4.26,17.2,34.28
39.6,49.5,27.9,24,0,30.47,7.5,8.29,16.1,34.28
65.4,79.3,50,52.8,0,30.02,7.1,5.52,16.1,34.28
75.7,88.9,65.5,55.8,0,29.96,7.3,13.6,23,34.28
62.5,66.6,53.6,52.5,0,29.97,7.8,17.2,57.4,34.28
39.2,46.4,24.3,27.8,0,30.32,7.6,5.52,9.21,34.28
73.2,86.7,57.9,57.8,0,29.85,7.3,8.86,18.3,27.5
43.7,59,30.2,33.3,0,30.3,6.9,2.42,6.9,34.28
47.7,55.4,41,39.5,0,30.01,7.5,13.6,23,34.28
47.1,52.3,42.8,37,0,29.9,7.7,17.6,25.3,34.28
44.9,61.7,32.5,39.8,0,30.2,5.4,2.76,9.21,34.28
65.1,79.5,48.2,52.7,0,29.88,7.3,8.86,16.1,34.28
61.9,71.8,48.2,41.8,0,29.89,7.6,16.4,25.3,34.28
49,52,45.3,39.4,0.09,29.87,7.8,23,27.5,39.13
75.5,88.2,60.1,51.4,0,30,7.5,12.8,20.8,34.28
36.2,42.8,31.3,22.6,0,30.36,7.7,18.4,23,34.28
48.7,56.1,40.1,40.3,0,30.19,7.7,7.71,13.8,34.28
75.4,91.4,56.3,50.3,0,29.97,7.2,8.63,16.1,34.28
59.4,75.2,51.1,56.3,0,29.98,7.5,7.14,18.3,34.28
74.8,87.8,58.3,49.6,0,29.82,7.2,12.6,20.8,34.28
83,95.4,72.3,52.8,0,29.86,7.3,20.7,25.3,34.28
65.3,76.5,55.8,48.8,0,29.78,7.7,15.8,23,34.28
39.8,50,29.1,27.9,0,30.01,7.5,13.5,18.3,34.28
70.9,80.6,64.4,59.5,0,29.81,7.7,11.2,25.3,34.41
51.4,63.3,41.9,46.3,0,30.06,7.4,7.14,13.8,34.28
54.2,64.4,41,47.3,0,30.02,7.6,11.6,20.8,34.28
57.1,63.5,51.1,44.4,0,29.96,7.8,16.4,27.5,32.22
44.8,50.5,39.2,36,0.2,30.09,7.2,17.6,27.5,39.13
82.8,95.5,67.3,58.6,0,29.83,7.2,13.4,23,34.28
79.3,90.1,70.2,57.5,0,30.03,7.1,14.8,20.8,34.28
56,59,52.9,49.9,0.1,30.08,7.5,14.6,20.8,34.28
63.7,76.5,51.4,47.1,0.6,29.91,7.6,5.87,13.8,34.28
77.1,89.6,65.8,60.2,0,29.99,7.3,11.2,18.3,34.28
43.9,53.6,36,34.9,0,30.22,6.1,11.7,16.1,34.28
50.6,61.5,38.8,46.4,0,30.11,5.7,9.9,18.3,34.28
64.3,73.8,56.5,38.4,0,29.79,7.2,18.8,25.3,34.28
57.2,63.7,51.1,49.6,0.2,29.75,7.6,17.1,23,39.13
72.3,85.5,57.2,49.2,0,29.89,7.3,14.8,25.3,36.94
59.7,64.4,56.3,47.6,0.09,29.99,7.8,15,57.4,34.28
50.4,56.7,45.9,47.3,0.5,29.99,7.7,9.67,18.3,34.28
77.5,88,64.6,47.2,0,30.05,7.2,16,25.3,34.28
45.3,51.8,39.2,34.4,0,30.17,7.5,12.5,23,34.28
79.6,93.2,63.3,57.2,0,29.82,7.1,12.6,23,34.28
53.2,60.8,48.2,50.9,0.1,30.27,7.8,6.1,16.1,34.28
75.2,86,55.9,49.9,0,29.97,6.8,10.9,25.3,34.28
76.2,90.1,57.9,52.7,0,29.86,7.4,5.06,11.3,16.11
60.9,75.4,48.7,45.8,0,29.94,7.1,7.14,18.3,34.28
53.2,68.7,36.7,40.7,0,30.17,7.2,4.37,13.8,34.28
45.4,53.6,37.4,38.7,0,30.28,5.4,11.7,18.3,34.28
47.9,61.9,33.8,41.1,0,30.13,7.2,6.79,13.8,34.28
76.8,89.6,62.6,41.5,0,29.9,7.4,9.55,40.2,34.28
47.9,57.2,37.4,43.3,0,30.01,7.6,7.37,18.3,34.28
39.8,52.7,25.3,28.2,0,30.31,7.3,4.95,11.3,34.28
57.6,70.5,46.2,47.8,0,29.96,6.7,4.6,13.8,34.28
67,77,52.7,47.2,0,29.95,7.3,11.6,20.8,34.28
52.1,65.5,32,41,0,29.96,7.6,6.21,13.8,34.28
68.8,83.5,53.2,52.3,0,29.98,7.3,4.83,13.8,34.28
68.5,81.7,53.4,53.9,0,29.88,7.7,5.41,13.8,20.83
64.9,78.8,53.6,46.9,0,30.11,6.9,10.1,16.1,34.28
72.1,82.4,64.4,61.2,0.1,29.78,7.5,8.52,16.1,34.28
72.8,86.4,59.5,58.9,0,29.92,6.7,7.6,20.8,34.28
51.7,59.4,44.6,48.1,0.1,29.96,6.7,5.75,13.8,34.28
47.8,57.7,38.3,32.3,0,30.12,7.3,13.1,20.8,34.28
74.8,88.2,66.2,56.6,0,29.93,7.3,12.2,18.3,34.28
73.1,89.6,54.1,52.5,0,29.99,7.3,3.34,9.21,34.28
51.4,55.4,48,50.1,0.8,29.93,6.5,9.44,18.3,34.28
70.5,86.7,55.4,48.6,0,29.96,7.2,7.14,16.1,34.28
62.7,72.3,54,49.6,0,30.08,6.7,16,23,34.28
75.4,89.6,59,53.8,0,29.92,7.5,7.37,16.1,34.28
38.1,47.8,30.9,27.9,0,30.14,7.4,11.5,18.3,34.28
81.6,99,63.1,53.4,0,29.9,7.5,11.2,20.8,34.28
82,93,70.5,60.2,0,29.81,7.1,15.7,20.8,34.28
45.9,59.9,35.6,36.4,0,30.23,7.5,4.72,11.3,34.28
55,68,41.7,46.4,0,30.1,7.2,3.22,11.3,34.28
49.6,57.9,41.7,39,0,30.15,7.7,4.95,11.3,34.28
65.9,77.9,55.4,44.6,0,30.06,7.1,14.5,23,34.41
85,97,71.2,49.5,0,29.87,7.2,16.2,20.8,34.28
64.9,78.8,51.1,49.1,0,30.09,7.1,6.79,16.1,34.28
82.1,97.7,64.9,50.8,0,29.81,7,7.6,16.1,34.28
49.1,55.4,43.9,46.4,0.09,30.12,7.9,1.73,9.21,34.28
40.6,45.1,33.8,25.8,0,30.26,7.5,23.7,32.2,43.62
52.5,60.8,46.4,45.8,0.3,29.7,7.5,16,34.4,52.94
75.3,85.6,68,62.4,0,29.8,7.4,9.9,25.3,34.28
76,89.6,58.3,52.2,0,29.98,7.2,9.09,35.5,34.28
37.6,45.5,32,29.7,0.4,30.06,10,20,27.5,34.41
49.4,67.1,33.8,36.9,0,30.17,6.7,2.99,11.3,34.28
51.2,58.3,39.2,45.9,0,30.11,7.7,14.5,25.3,29.92
38,45.1,35.6,27.2,0,30.43,7.7,13.8,18.3,34.28
36.7,53.8,22.6,26.4,0,30.37,6.5,6.44,18.3,34.28
48.1,53.2,41.7,44.1,0,30.02,7.7,13.1,16.1,34.28
70.5,82.8,57.2,55.2,0,29.94,7.5,13.3,25.3,34.28
48.6,52.9,42.8,43.5,0.2,29.85,7.8,10.2,16.1,34.28
72.5,82.9,64.4,53.1,0,30.02,6.9,17.1,20.8,34.28
34.9,36.7,33.3,27.6,0,29.97,8,29.1,36.9,55.24
65.3,75,56.3,57.8,0,29.89,7.6,7.48,16.1,34.28
77.6,84.6,71.2,58.3,0,29.89,7.5,18.4,27.5,34.28
46.9,53.1,44.2,40,1,30.02,7.9,18.7,27.5,34.28
68.9,83.5,56.8,54.1,0,29.96,7.5,4.03,11.3,34.28
47.3,55.6,38.8,42.8,0,30.14,6.7,6.1,13.8,34.28
51.3,63,42.8,33,0,30.1,7.4,11.6,18.3,34.28
83.8,101,64.8,58.3,0,29.86,7.1,6.67,20.8,34.28
56.7,67.6,41.2,44.5,0,30.09,7.5,7.25,16.1,34.28
48.6,53.4,46,47.1,0.3,30.05,6,5.52,13.8,34.28
52.6,64.6,48.2,46.7,1.8,29.76,7.5,10.3,20.8,34.28
57.1,67.1,49.3,49.8,0.1,30.16,7.6,8.98,16.1,34.28
82.8,97.7,68,53.9,0,29.93,7.2,12.2,18.3,34.28
74.3,89.6,55.4,50.9,0,29.95,7.1,8.86,16.1,34.28
79,90.7,69.6,55.7,0,29.87,7.2,15.4,20.8,34.28
59.7,69.8,47.5,49.6,0,30.06,7.2,6.1,13.8,34.28
75.6,88.2,64.6,55.1,0,29.88,7.2,16.4,20.8,34.28
40.3,49.3,32,23.4,0,30.31,7.3,17,57.4,34.28
64.8,76.1,55.4,49.8,0,30.07,7.3,9.78,13.8,34.28
50.9,60.1,39.2,47.8,0.09,29.82,5,3.45,16.1,34.28
63.2,69.8,56.5,59,0,30.01,6.2,12,18.3,34.28
54.3,63,44.6,39.5,0,30.06,7.5,12.6,20.8,34.28
37.4,41,33.8,24.3,0,30.33,7.7,20.1,27.5,34.41
56.5,62.6,51.4,50.7,0,30.02,7.9,12.7,18.3,34.28
49.4,57.2,34.9,39.9,0.6,30.11,7.4,12.6,32.2,34.28
67,78.3,58.3,43.8,0,30.11,7.2,19.9,25.3,34.28
61.1,73.4,48.2,36.2,0,30.24,7.2,14.2,23,34.28
37.2,43,30.6,25.9,0,30.12,7.6,14.5,25.3,34.28
70.6,85.3,58.1,57.3,0.2,29.93,7.6,7.25,16.1,34.28
36,41,31.1,33.7,0.3,29.92,6.2,3.91,11.3,34.28
74.2,85.1,61.2,45.7,0,30,7.4,13.9,23,34.28
75.6,86,65.5,48.9,0,29.86,7.5,18.1,25.3,34.28
82.4,96.8,67.3,60.3,0,29.8,7.7,8.52,20.8,34.28
77.7,86.9,69.3,56.3,0,29.91,7.6,16.8,20.8,34.28
50.6,54.1,48.2,49.6,0.8,29.73,7.7,6.44,16.1,34.28
76.1,86.2,66.2,52,0,29.94,7.3,18.4,27.5,34.28
53.3,61.9,42.8,50.6,0,30.05,6.3,9.44,16.1,34.28
64.2,75.6,48.4,45.2,0,30.04,7.3,11.8,20.8,34.28
69.9,77.4,62.6,63.4,0,30.01,6.2,7.48,13.8,34.28
75.7,86.2,66.9,54.2,0,29.94,7.3,18.7,19.81,34.28
66.9,79.2,52.7,47.2,0,29.98,7.3,16.3,25.3,34.28
73,89.1,56.5,55.2,0,29.93,7.3,5.52,13.8,34.28
52.4,68,39.9,45.7,0,30.19,7.1,5.06,9.21,34.28
51.1,62.4,35.6,43.3,0,29.78,7.7,12.5,25.3,34.28
85.6,97.9,75.2,42,0,29.87,7.2,18.7,26.3,34.41
79.6,86.9,72,59.3,0,29.76,7.4,21.6,27.5,34.28
71.3,81.7,60.8,52.5,0,29.96,7.3,16.5,23,34.28
50.4,59.7,41,44.1,0,30.32,5.5,10,16.1,34.28
62.8,72.9,50,50.6,0,29.83,7.7,12.3,25.3,34.28
77.2,93.6,64.4,60.8,0,29.8,6.8,5.18,16.1,34.28
61.8,64.4,57.4,54,0,29.86,7.7,17.7,23,34.28
75.8,91.4,60.6,51.1,0,29.9,7.2,4.72,23,34.28
78.2,87.8,69.6,56.9,0,29.9,7.4,17,23,29.92
67.9,79.2,56.3,58.1,0,29.84,7.8,6.33,20.8,34.28
62.8,68.2,58.6,55.2,0.1,30.02,7.6,4.6,11.3,34.28
44,59,31.8,38.5,0,30.19,6.9,4.03,6.9,34.28
72.9,88,58.6,59.5,0,29.95,6.8,9.44,23,34.28
77.1,89.6,66.4,54.3,0,29.87,7.3,15.3,23,34.28
36.5,49.1,25.3,32.4,0,30.21,7,4.14,9.21,34.28
46.9,63.7,32,34.1,0,30.21,6.4,2.88,11.3,34.28
70.5,83.5,62.1,58.8,0,29.88,7.9,7.83,20.8,29.92
37.7,51.8,25.2,24.6,0,30.38,6.6,5.64,16.1,34.28
45.2,56.3,31.1,35.7,0,30.19,6.7,9.44,16.1,34.28
74.7,90.9,57,55.4,0,30.04,6.7,8.29,18.3,34.28
64.1,80.8,47.1,49,0,29.95,7.2,6.33,13.8,34.28
76.1,90.5,60.8,52.1,0,29.86,7.4,6.44,18.3,34.28
39.4,42.8,36.3,30.5,1.1,30.11,7.8,23.5,32.2,43.62
53.1,66.2,39.6,44.8,0,30.11,6.3,3.45,11.3,34.28
55.6,65.7,45.3,49.1,0.3,29.94,7.4,11.6,20.8,34.28
50.7,57.2,44.6,47.4,0,30.19,4.4,7.83,16.1,34.28
35.2,43.5,29.1,24.7,0,30.23,7,13.3,20.8,34.28
78.9,88.3,69.8,45.9,0,29.81,7.3,15.8,25.3,34.28
56.1,68.7,45,48.8,0,30.06,7.4,5.64,11.3,34.28
76.6,90.1,60.6,55.7,0,30.04,7.3,11.7,18.3,34.28
54,64.8,40.6,46.6,0,29.99,7.2,13.1,23,34.41
39.8,47.5,32,25.9,0,30.11,7.3,13.3,20.8,34.28
44.6,57.2,35.2,36.8,0,30.2,6.1,7.02,13.8,34.28
78.3,90,69.8,51.9,0,29.93,7.3,12,20.8,34.28
65.7,75.2,60.8,60.2,0,29.91,7.2,4.6,13.8,34.28
50.9,57.4,42.8,42.1,0.2,29.89,7.6,14.5,32.2,43.62
60.2,75.2,46.2,49,0,29.94,6.5,7.25,16.1,34.28
86.2,96.8,64.2,43.3,0,29.89,7.3,18.3,25.3,34.28
57.8,74.1,42.3,48.1,0,30.09,6.9,4.49,9.21,34.28
52.4,66.2,38.3,45.2,0,30.26,6.6,4.14,9.21,34.28
79.4,89.8,69.8,50,0,29.78,7.3,17.9,25.3,34.28
66.4,76.5,56.5,43,0,30.09,7.2,18.6,25.3,34.28
80.7,93.2,66.2,52.9,0,29.89,7.2,13.2,20.8,34.28
40.7,44.6,34.7,36,0.1,30.05,5.5,9.44,25.3,34.28
56,65.8,45.5,47.6,0,30.13,7,11.7,16.1,34.28
81.1,91.4,72.1,59.8,0,29.71,7.4,22.4,27.5,34.41
81.1,92.3,69.8,53,0,29.75,7.3,15.5,20.8,29.92
50.9,63.1,37.9,45.7,0,30.19,5.7,11.2,23,34.28
62.4,71.6,51.8,42.7,0,29.91,7.3,11.1,23,34.28
57.9,71.1,44.6,49.1,0,30.24,6.5,4.83,9.21,34.28
40.7,43,37.4,28.4,0.2,30.11,7.8,24.9,34.4,50.52
49.5,60.3,37.6,44.9,0,30.04,5.4,8.4,18.3,34.28
64.1,74.5,51.1,44.2,0,30.09,7.5,8.63,16.1,34.28
39.5,46.4,34.3,26.9,0,29.96,7.7,22.4,27.5,34.41
81.5,89.8,71.6,48.9,0,29.77,7.2,18.3,25.3,34.28
73.2,84.2,64.4,47,0,29.97,6.3,14.6,27.5,34.28
61.4,71.6,50.7,44.7,0,29.97,7.6,16.8,23,32.22
57.5,66.9,46.4,38,0,29.91,7.3,13.9,20.8,34.28
47.6,55.4,42.6,44.2,0.3,29.82,7.9,4.6,20.8,34.28
45.2,54.3,39.9,35.6,0,30.35,7.2,14.9,23,34.28
44.3,50.2,36.1,41,0,30.12,7,4.26,9.21,34.28
39.3,53.8,24.8,32.2,0,30.1,6.7,4.37,9.21,34.28
79.7,91.8,71.1,44.8,0,29.9,7.4,16.8,23,34.28
48.7,54.7,41,46.9,0.2,29.76,7.6,8.4,13.8,25.32
80,96.8,63.5,51.1,0,29.88,7.2,5.75,16.1,34.28
51.7,65.3,38.5,35.5,0,30.25,7.4,15.8,25.3,32.22
74.7,88,58.1,57.7,0,29.95,7.3,9.78,20.8,34.28
67,75.9,59,47.1,0,29.99,7.7,14.9,20.8,34.28
72.2,86.2,57.2,53.2,0,29.91,7.6,5.98,9.21,34.28
85.1,94.1,69.8,54.5,0,29.74,7.1,22.1,29.9,32.22
50.3,66.2,37.4,43.2,0,30.1,5.8,4.95,13.8,34.28
75.9,85.3,67.5,44.1,0,29.79,7.5,15.5,27.5,34.28
53.9,67.1,40.8,44.7,0,30.14,6.7,9.9,23,34.28
87,97.2,77.7,54.5,0,29.81,7.3,17.6,25.3,34.28
83.7,95,63.5,48.9,0,29.87,7.3,16.6,25.3,34.28
86.3,97,78.4,53.5,0,29.84,7.2,17.6,23,27.5
51.7,56.3,46.9,45.3,0,29.92,7.6,13.1,23,34.28
77.7,88.7,64.2,59.3,0,29.88,7.2,12.4,25.3,34.28
61.2,70.7,53.6,48.5,0,30.03,7.6,13.4,20.8,34.28
79,90.7,64,54.4,0,29.96,7.3,14.2,25.3,34.28
47.4,57,36.9,40.7,0,30.09,7.5,7.02,16.1,34.28
83.3,93.2,73.6,49,0,29.83,7.3,21.4,27.5,34.41
83.7,97.3,71.6,56.8,0,29.8,7.1,9.09,18.3,34.28
79,95.2,66,60.2,0,29.81,7.3,7.71,18.3,34.28
61,71.6,51.8,46.9,0,30.05,7.3,14.5,20.8,34.28
83.8,94.5,73.2,55.7,0,29.75,7.3,16,23,29.92
66.8,78.8,50.2,46.5,0,29.99,7.4,11.5,18.3,34.28
84.6,96.8,73.8,58.1,0,29.73,7.3,14.8,20.8,34.28
74.6,83.5,62.1,52.6,0,29.83,8,24.1,34.4,48.33
48.6,54.5,44.4,48,0.8,30.14,7.2,9.44,16.1,34.28
36.2,41.4,31.8,21.5,0,30.42,7.4,17.4,25.3,34.28
70.1,81,58.5,58.3,0,30.07,7.2,10.3,18.3,34.28
37.6,46.9,28.2,24.2,0,30.2,7.3,11.8,20.8,34.28
38.5,49.3,28.8,33.2,0.3,30.08,6.6,4.37,16.1,34.28
75.6,87.8,66.2,54.2,0,29.83,7.2,11.6,20.8,34.28
50.5,57.7,43.3,46.3,0,29.78,5.3,4.03,9.21,34.28
64,76.8,53.6,37.8,0,30.1,7.6,10.1,18.3,34.28
83.5,97.2,71.6,58.1,0,29.78,7.2,12.8,18.3,34.28
46.7,53.4,39.6,43,0.09,29.82,7.2,6.1,13.8,34.28
83.4,95,72.5,58.6,0,29.85,7.1,19.2,23,34.28
75,89.4,61.7,57.7,0,29.78,7.3,8.98,20.8,34.28
72.4,82.4,62.6,53.7,0,29.87,7.3,12.3,20.8,34.28
64.3,68.2,60.1,61.8,0.4,29.94,7.5,4.14,9.21,34.28
47.5,51.6,44.6,39.8,0.3,29.79,7.5,20.1,34.4,43.62
83.8,93.6,72.3,62.1,0,29.73,7.1,16.1,23,34.28
55.8,59.7,53.6,51.1,0.1,29.74,7.6,7.37,18.3,34.28
78.1,97.2,59.9,53,0,29.85,7,7.71,18.3,34.28
43.5,51.3,37.4,30.2,0,30.34,7.2,18.6,27.5,29.92
66.9,84.9,50.7,48.2,0,30.12,7.4,4.49,16.1,34.28
76.5,89.6,60.6,49.2,0,29.95,7.3,10,18.3,34.28
42.6,50.9,32.7,29.4,0,30.19,7.5,8.06,13.8,34.28
62.4,75.7,50.7,50.1,0,29.96,7.4,6.56,16.1,34.28
79.8,95,59,54.6,0,29.89,7.2,8.29,16.1,34.28
45.7,62.6,28.8,34.8,0,30.06,7.1,5.18,11.3,34.28
81.5,95,69.6,46,0,29.81,7.2,14.3,20.8,34.28
55.5,59,51.1,52.3,0.3,29.87,7.7,7.83,11.3,34.28
86.2,96.8,64.2,43.3,0,29.89,7.3,18.3,25.3,34.28
52.4,60.4,45,49.2,0,29.83,7,12.7,20.8,34.28
80.1,91.4,66,49.2,0,29.84,7.1,17.4,25.3,34.28
75.4,93.6,58.5,57.1,0,29.98,7.3,4.03,16.1,34.28
76.4,88.5,66,43.5,0,29.89,7.3,10.2,18.3,34.28
61.7,73.6,49.6,50.7,0,30.12,6.5,5.06,16.1,34.28
50,56.1,39.2,47.8,0.2,29.94,7.2,11.7,25.3,34.28
48.2,64.4,33.6,37.3,0,30.14,6.8,3.34,11.3,34.28
71.4,84.7,57,55.3,0,29.91,7.3,12.2,20.8,34.28
73.6,90.7,59.2,58.6,0,29.9,6.1,7.48,13.8,34.28
42.1,49.1,36.7,24.5,0,30.38,7.2,20.3,25.3,34.28
72.9,83.8,63.9,51,0,30.07,7.5,17.8,25.3,34.28
80.3,97.9,62.4,53.1,0,29.88,7.3,7.37,18.3,34.28
74.9,86,66,48,0,29.75,7.7,9.44,18.3,34.28
53.7,65.1,39.2,35.8,0,29.93,7.1,12.7,18.3,34.28
84.7,96.3,68.5,57.9,0,29.7,7.3,12.7,57.4,34.28
43.6,61.3,28.8,31.8,0,30.25,6.7,3.11,6.9,34.28
79.6,93.4,61.9,54.3,0,29.88,7.2,11.7,25.3,34.28
84.5,97.5,68,54.9,0,29.84,7.3,12.5,25.3,29.92
57.7,63.7,53.6,44.7,0,30.01,7.7,19.9,25.3,34.28
76.1,93.2,60.8,53.7,0,29.97,6.3,6.67,16.1,34.28
77.2,91.8,61.5,53.7,0,29.88,7.3,5.75,13.8,34.28
58.6,60.8,56.3,51.6,0.1,29.97,7.8,16,20.8,34.28
75.8,86,65.3,50.2,0,30,7.2,18.1,25.3,34.28
78.5,88.2,68.7,57.8,0,29.81,7.3,15.7,25.3,34.28
82,97,64.4,52.7,0,29.81,7.2,11.7,23,29.92
46.8,53.6,42.4,42.2,0,30.24,9.5,16.1,23,34.28
52.5,66.2,36.7,43.7,0,30.21,6.4,6.44,11.3,34.28
83.5,92.8,75.4,51.3,0,29.74,7.5,18.3,27.5,39.13
59.9,63.7,55.4,48.5,0,29.84,7.8,19.1,27.5,34.41
68.6,81,54.1,57,0,30.01,7.1,10,16.1,34.28
47.7,59.9,36.1,40.9,0.1,29.88,7.4,3.45,11.3,34.28
73.1,86.7,54.9,49.7,0,29.98,7,6.79,16.1,34.28
61,72,52,47.9,0.09,29.84,7.9,13.3,20.8,34.28
82.2,93.4,68,42.4,0,29.91,7.4,17.7,23,34.28
72.3,86,62.4,56.9,0,29.91,7.4,11.5,16.1,34.28
52.1,62.2,44.6,45.9,0.7,29.93,7.6,6.21,13.8,34.28
45.3,54.7,39,42.4,0,29.96,5.3,1.96,9.21,34.28
75.1,91.6,58.6,55.5,0,29.88,7.4,5.75,18.3,34.28
37.6,50,26.6,23.1,0,30.35,7,6.56,16.1,34.28
72.9,86.9,58.3,57.6,0,29.98,7.2,5.98,16.1,34.28
76.4,84.2,69.8,53.6,0,29.81,7.8,16.2,27.5,34.28
43.9,55.9,30.2,36.2,0,30.04,7.7,5.98,13.8,34.28
47.1,52.5,42.8,44.4,0.8,29.85,6.4,11.1,18.3,34.28
52,61.3,45.1,42.3,0,30.31,7.5,14,20.8,34.28
79,87.8,68,50.3,0,29.93,7.2,13.9,20.8,34.28
49,57.2,36.9,43.8,0.09,29.96,5.3,4.14,6.9,34.28
64.5,78.8,47.5,42.7,0,29.93,7.6,5.18,13.8,34.28
45,55.4,37.4,43.4,0,30.17,3.1,5.41,13.8,34.28
38.7,46.4,30.2,24.4,0,30.01,7.4,17.6,25.3,34.28
65.2,72.1,62.1,53.2,0,30.03,7.6,19.6,25.3,34.28
65.4,77.9,48.7,44.5,0,30.11,7.5,6.21,16.1,34.28
44.5,54,36.3,30.6,0,30.06,7.4,17.7,23,34.28
49.1,53.6,44.6,48.4,0.09,30,5.1,4.37,13.8,34.28
40.4,46.9,18.3,33.5,0.2,29.8,7.5,11.2,23,34.28
55.8,70.9,42.8,48.6,0,30.13,7.2,2.76,11.3,34.28
81.6,92.7,71.6,63.6,0,29.7,7.2,11.7,20.8,34.28
57.7,66.7,47.7,52.5,0.6,30.08,5.2,9.67,17.2,34.28
54.3,61.2,50.5,40.4,0,29.99,7.7,19.3,29.9,34.28
51.3,68.9,34.7,36.6,0,30.08,6.7,2.99,6.9,34.28
37.4,45,32,24.7,0,30.34,7.3,14.1,20.8,34.28
75.2,86.4,62.4,44.5,0,30.02,7.2,15.1,20.8,34.28
71.6,82.4,60.1,38.3,0,29.94,7.1,18.5,25.3,34.28
82.8,93.4,73.4,45.1,0,29.79,7.2,19.7,25.3,34.41
67.5,76.8,53.6,50.7,0,29.9,7.7,12,25.3,34.28
79.2,90.7,67.5,48.1,0,29.81,7,18.9,29.9,34.28
63.9,70.3,53.6,52.7,0,29.81,7.8,10.7,18.3,34.28
84.1,95,67.8,56.2,0,29.73,7.2,16.3,25.3,27.5
58,66.2,51.8,52,0,30.11,7.6,12.8,20.8,34.28
60.3,74.3,43.9,48,0,29.82,7.2,7.37,13.8,34.28
48.7,64,37,43.5,0,30.2,6.3,2.07,4.72,34.28
81.8,91.4,73,57.8,0,29.68,7.5,20.4,23,29.92
43.5,52.9,35.6,30.9,0,30.12,7.4,13.4,18.3,34.28
50.2,57.4,44.6,46.6,0.7,29.67,7.6,6.9,18.3,34.28
81.6,91.4,69.8,51.9,0,29.85,7.3,18.9,27.5,34.28
46,56.1,37.4,35.1,0,30.13,7.9,6.44,18.3,34.28
57.3,69.8,47.3,43.3,0,30.06,7.7,9.21,18.3,34.28
82.2,95.9,69.8,58.8,0,29.78,7.2,9.78,18.3,34.28
41.1,48.7,35.2,28.1,1.1,29.95,7.8,14.5,20.8,34.28
46.6,55.6,37.4,36.1,0,30.3,7.5,12.7,20.8,34.28
65,75.2,55.4,47.9,0,29.83,7.1,18.6,52.7,34.28
70.9,80.6,61.9,37.4,0,29.94,7.1,22.2,57.4,34.28
72.2,80.6,59.9,56.9,0,29.78,7.6,10,18.3,29.92
66.9,74.5,54.1,48,0,29.69,7.6,12,23,34.28
48.7,61.9,36.9,39.5,0,30.12,7.3,5.75,11.3,34.28
61.3,76.3,46.8,46.9,0,30.09,7.5,3.68,13.8,34.28
44.9,55.6,32,33.4,0.1,30.08,7.8,5.52,11.3,34.28
52.3,59,48.2,50.9,0.9,29.74,7.7,10.2,18.3,34.28
76.9,88.9,62.8,56.5,0,29.85,7.3,11.6,20.8,34.28
53.5,63.3,45.5,39.8,0,30.02,7.4,16.6,57.4,34.28
65.5,73.9,53.6,46.4,0,29.9,7.7,13.1,20.8,34.28
51.1,61.2,41,34.3,0,30.18,7.2,14.6,20.8,34.28
44.6,59,29.5,29.2,0,29.97,7.1,8.4,20.8,34.28
89.9,102,78.1,50.5,0,29.88,7.2,16.4,23,34.28
81.9,95.7,67.3,46.6,0,29.94,7.2,17,25.3,34.41
77.2,89.6,66.2,56.7,0,29.98,7.3,11.2,18.3,34.28
44,51.8,37.4,34.9,0,30.05,7.4,12.6,18.3,34.28
80,89.8,65.3,56.3,0,29.79,7.5,15.7,27.5,34.41
70.3,78.3,63.9,54.6,0,29.96,7.9,13.2,18.3,34.28
64.8,77,49.8,49.1,0,30.01,7.4,8.52,16.1,34.28
80.8,93.4,70.5,47.9,0,29.88,7.1,19.5,25.3,34.28
65.1,73,57.6,53.4,0,30.02,7.6,19.1,23,34.28
54.3,64.8,48.2,49.3,0,30.03,7.8,11.8,18.3,34.28
47.8,53.8,42.8,43.1,1.3,29.94,7.7,13.3,23,34.41
57.3,67.6,46.8,48.4,0,30.01,7.7,9.9,18.3,34.28
75.9,86.5,66.7,50.6,0,29.88,7.6,20.1,25.3,36.94
52.8,72.3,38.8,43.9,0,30.18,5.1,3.8,11.3,34.28
42.1,47.1,37.4,32.4,0.7,29.77,7.5,22.4,32.2,46.03
54.9,66.4,42.8,42.2,0,29.82,7.2,8.29,23,25.32
76.1,84.2,54.5,60.5,0,29.87,7.8,17.1,23,34.28
48.3,68,36,42.1,0,30.26,4.6,4.37,13.8,34.28
77.7,86.2,70.9,60.8,0,29.63,7.4,14.8,27.5,34.28
51.9,64.4,37.4,36.3,0,30.04,7.1,3.8,13.8,34.28
65.2,71.2,62.6,60.7,0.2,29.89,7.2,6.79,16.1,34.28
55.6,71.6,41.4,45.5,0,30.28,5.5,3.22,9.21,34.28
47,57.2,39.4,45.2,0.5,30.09,3.3,3.68,11.3,34.28
79,89.1,68.5,52.4,0,30.01,7.3,18.5,20.8,34.28
61.9,77.2,50.4,49.3,0,30.14,7.7,3.45,6.9,34.28
53,64.9,46.4,48.4,0.2,29.97,7.7,9.55,16.1,34.28
50.3,58.8,41.7,46.6,0,30.19,6.5,11.1,18.3,34.28
51,52.7,47.3,48.1,0.4,29.6,8.1,7.6,16.1,34.28
53.2,63.1,42.6,46.4,0.1,29.97,6.9,9.21,16.1,34.28
48.3,55.4,44.6,46.4,0.8,30.17,7.7,5.06,11.3,34.28
48,57.2,37.4,40.3,0,30.25,6.3,9.78,18.3,34.28
39.1,48.2,26.6,23.2,0,30.31,7.4,8.06,18.3,34.28
57.8,68.9,44.4,44.9,0,29.95,7.4,6.44,13.8,34.28
78.5,95.2,61.2,51.2,0,29.79,7.3,6.67,16.1,34.28
53.8,70.5,39.6,44,0,30.16,5.8,4.37,13.8,34.28
48.8,57.7,37.4,36.6,2.8,29.89,7.3,9.9,18.3,34.28
56.1,69.8,42.4,47.9,0,30.03,7.2,3.22,9.21,34.28
75.5,90,60.6,40.3,0,29.85,7.3,5.29,13.8,34.28
49.5,60.8,24.8,34.9,0,30.21,7.8,10.1,18.3,34.28
70.8,80.1,57.2,55.3,0,29.88,7.7,5.52,13.8,20.83
39.9,50.5,28.4,28.1,0,30.34,7.5,13.2,20.8,34.28
65.8,77,55.4,42.1,0,30.08,7.3,13.9,20.8,29.92
39.6,43.9,33.6,30.2,0,30.08,7.8,19.2,25.3,34.28
64.6,77.2,53.2,51.5,0,30.09,7.8,6.1,16.1,34.28
74,88.7,62.6,58.3,0,29.86,7.7,7.02,13.8,34.28
65.6,81.5,51.1,50.7,0,29.96,7.1,5.52,13.8,34.28
52.8,64.4,39.7,41.2,0,30.09,7.2,7.94,13.8,34.28
45.9,50,39.2,41.2,0,29.83,7.2,7.37,16.1,34.28
61.8,70,55.4,54,0.1,29.94,7.3,11,18.3,34.28
88.1,100,77.9,58.2,0,29.69,7.4,16.4,23,34.28
79.2,90.9,66.2,47.6,0,29.99,7.2,11.2,23,34.28
88.6,104,70,49,0,29.83,7.1,7.14,13.8,34.28
81.5,93.2,66,60.1,0,29.68,7.3,10.1,18.3,34.28
77.3,86.4,65.3,52.5,0,29.87,7.2,16.2,23,34.28
71,86.9,60.8,59.7,0,29.81,7.7,4.49,13.8,34.28
48.3,59,39.7,32.9,0,30.19,7.5,18,32.2,34.28
51.4,66.4,37,41.8,0,30.05,7.1,3.91,6.9,34.28
65.4,83.1,47.7,46.1,0,29.69,7.3,5.87,13.8,34.28
73.8,84.7,61.3,59.8,0,29.8,7.6,10.5,23,34.28
44.3,50,40.6,33.8,0,29.99,7.7,21,27.5,39.13
39.3,53.2,22.1,24.4,0,30.4,7.5,4.14,11.3,34.28
44.4,56.1,33.1,30.9,0,30.3,7.2,12.5,20.8,34.28
52.4,56.1,50,50.8,2.2,29.48,7.3,7.83,19.81,34.28
37.6,50.5,26.1,28.7,0,30.12,6.7,4.6,11.3,34.28
62,68.9,54,51.5,0,30,7.8,12.7,18.3,34.28
40.1,43.2,35.6,28,0,30.06,7.9,25.8,32.2,46.03
54.6,62.6,47.5,50.1,0,29.81,7.8,7.14,13.8,34.28
73.9,82.4,64.2,49.7,0,29.81,7.1,13.9,18.3,34.28
66.7,82.8,52.3,47.4,0,30.05,7.2,7.25,18.3,34.28
41.9,57.2,27,28,0,30.29,7.1,5.06,13.8,34.28
81.7,93.2,68.4,50.8,0,29.78,7.3,17.2,23,32.22
76,93.2,60.8,57.7,0,29.92,7.3,8.98,20.8,34.28
50.3,57.2,44.4,40.7,0.6,30.09,7.8,16.2,27.5,34.28
81,97.9,68,63.5,0,29.72,7.3,5.52,13.8,34.28
51.3,64.9,34,30.4,0,29.9,7.1,11.6,20.8,29.92
62.8,75.2,53.6,46.9,0,29.93,7.3,19.7,25.3,34.28
66.7,77.2,59,59.5,0,29.84,7.5,8.86,18.3,34.28
64,82.9,54.9,52.1,0.1,30.02,7.5,15.3,20.8,34.28
65.9,76.6,59,45.9,0,30.11,7.3,19.6,25.3,34.28
43.4,50.5,35.8,37,0,30.1,6.3,14,25.3,34.28
